197
334
575
201
711
833
903
680
631
482
704
860
350
893
954
578
649
443
941
190
937
79
134
611
360
749
686
212
459
583
65
208
568
950
765
13
481
258
289
13
531
695
107
116
524
354
151
92
965
427
898
825
690
693
599
266
43
430
67
272
981
209
55
314
883
952
898
875
324
168
812
856
969
959
567
400
916
806
279
550
944
822
957
328
957
751
674
731
533
214
791
296
477
739
217
676
46
451
668
141
612
370
280
825
105
325
341
805
622
509
884
565
787
481
788
859
845
885
75
905
912
706
15
186
815
481
112
441
198
974
175
766
908
485
996
18
121
546
840
508
552
394
150
968
241
506
111
776
825
669
786
479
471
478
802
937
881
446
542
163
691
457
41
516
963
509
7
322
200
302
33
949
443
124
178
921
362
969
123
270
559
689
151
333
485
278
711
428
767
48
343
780
330
812
940
516
52
357
171
840
105
284
356
841
83
36
219
982
637
326
1000
881
692
560
153
474
932
979
451
519
251
101
330
788
147
117
589
500
821
910
339
398
365
193
535
881
390
699
53
781
97
476
101
395
490
111
23
384
155
121
180
853
26
162
432
234
560
773
371
140
469
873
531
687
63
782
723
992
484
837
198
284
897
849
90
520
360
817
234
241
458
930
950
895
580
685
314
500
722
175
41
958
227
82
557
159
482
137
87
34
330
185
384
463
663
978
109
647
382
927
709
112
346
625
896
849
996
567
358
759
673
570
86
804
480
146
714
821
755
283
367
569
340
109
104
786
85
893
536
716
28
644
509
626
158
334
817
30
579
457
187
748
784
458
143
168
833
793
196
657
900
797
565
686
11
748
631
852
642
865
764
532
504
774
184
452
337
19
472
626
988
500
338
347
273
279
716
32
441
803
977
464
620
493
20
829
128
379
779
202
871
427
195
667
81
653
731
102
842
971
830
977
995
675
903
514
186
277
734
380
679
465
286
628
130
518
560
451
741
838
401
239
918
562
958
620
660
518
146
343
944
587
813
305
556
869
154
922
929
729
918
133
565
349
425
946
79
209
712
173
133
66
568
965
922
221
788
471
681
471
861
831
180
472
474
406
750
680
852
300
144
566
794
698
312
437
507
927
608
766
469
460
830
25
767
550
460
488
377
57
795
130
365
431
6
324
562
662
589
240
651
571
10
677
32
257
598
708
827
538
729
903
577
692
68
538
311
448
506
31
448
440
13
383
674
364
927
854
784
278
629
805
641
513
592
453
526
77
89
459
42
47
779
742
239
944
888
155
644
444
821
645
790
903
910
543
928
186
448
285
871
627
89
636
892
746
407
278
310
330
356
169
516
507
426
613
392
573
559
13
690
315
712
881
90
651
857
558
327
719
600
562
686
752
918
589
430
622
646
495
927
901
52
446
336
959
993
360
145
189
107
610
225
717
683
803
309
653
203
855
984
134
977
14
839
342
627
854
953
783
986
239
360
708
175
149
244
749
352
232
280
614
147
141
501
401
213
303
671
96
249
686
10
831
157
947
391
34
336
675
397
481
859
957
140
639
937
238
977
203
440
885
271
510
999
223
71
582
303
607
53
106
733
336
521
820
645
357
232
452
816
16
663
160
803
113
485
656
866
701
125
709
511
565
294
714
515
188
450
763
4
668
122
652
238
6
117
382
244
914
306
6
87
874
136
828
285
642
287
44
269
553
305
360
175
605
120
230
615
459
763
932
889
657
277
517
182
693
776
48
169
381
95
871
133
619
71
484
437
525
581
730
267
809
133
903
89
43
450
949
999
881
788
840
91
814
626
832
110
993
362
494
468
449
958
208
515
817
338
209
502
209
525
174
320
415
271
238
96
912
44
398
551
832
972
73
664
160
255
568
770
17
368
455
743
762
340
404
696
960
42
768
381
325
205
877
473
845
856
827
167
484
5
630
496
732
506
796
249
893
232
30
93
580
253
141
120
629
639
428
198
432
471
519
711
504
47
737
915
861
140
283
283
254
226
342
474
660
20
625
6
883
91
608
329
648
292
98
73
386
631
137
825
420
40
709
425
573
650
608
664
253
795
224
405
356
899
416
234
408
608
19
487
640
486
316
263
748
822
187
955
856
1
152
233
946
533
533
500
260
868
484
876
228
289
281
554
264
9
334
424
425
511
71
690
450
248
735
621
812
500
768
227
163
854
337
201
688
978
8
352
957
559
415
946
669
451
610
888
9
150
712
527
565
49
610
612
76
406
925
983
359
318
128
370
816
49
805
45
933
537
739
151
703
303
16
982
211
834
557
474
883
564
778
181
343
886
854
748
90
43
396
633
227
784
117
661
77
42
526
145
6
952
258
109
653
174
372
571
816
183
510
605
366
1000
728
271
249
471
74
807
919
623
624
432
466
686
298
173
785
737
959
556
777
711
711
756
958
904
836
75
37
707
353
342
495
512
785
948
530
669
342
224
711
677
531
648
148
42
312
763
28
816
918
805
672
429
154
935
497
283
88
673
215
32
934
438
805
74
584
507
251
380
30
678
424
28
643
350
47
646
730
464
942
746
546
340
181
229
868
641
309
130
146
666
879
318
498
472
915
143
690
660
699
771
505
287
659
86
565
320
139
716
691
465
44
722
893
880
204
947
971
750
767
852
783
347
609
535
731
402
977
728
220
891
22
469
226
657
517
500
676
688
778
695
564
838
688
972
595
26
946
385
974
207
19
647
137
245
697
756
77
320
512
10
453
670
342
403
681
6
131
160
266
574
55
547
107
81
838
324
109
105
423
927
621
805
45
452
888
383
156
898
858
48
315
726
129
903
168
207
923
771
942
371
723
269
9
99
751
942
495
65
978
954
336
888
973
397
456
844
278
694
67
516
607
694
620
562
365
197
373
800
103
620
708
534
430
159
990
691
203
921
425
501
908
19
349
766
829
261
413
375
560
175
577
286
248
935
220
309
164
681
294
45
593
166
89
757
7
460
741
91
382
491
981
285
605
466
45
277
344
160
112
690
747
309
886
248
985
793
831
780
907
615
377
974
931
503
210
862
140
170
203
204
641
188
933
178
980
776
890
665
222
24
668
798
493
329
491
354
256
714
383
244
346
637
504
722
573
749
947
15
254
94
567
403
101
279
752
441
955
691
500
630
10
494
91
855
700
729
276
615
499
292
706
440
826
459
882
221
990
559
61
987
602
455
701
557
936
519
295
480
734
906
589
887
33
531
828
17
590
867
386
742
946
743
323
939
805
882
257
998
848
206
794
869
610
670
52
166
357
442
424
587
115
142
581
792
857
983
243
284
501
604
458
460
89
881
486
826
501
170
340
729
927
262
649
520
461
155
45
574
239
746
412
494
963
464
843
648
234
632
453
239
353
126
195
143
868
783
13
667
861
187
20
510
481
619
386
946
56
237
608
110
63
977
901
730
207
613
816
979
863
750
781
842
8
993
762
933
557
812
523
419
951
102
476
607
255
238
553
260
798
680
951
12
685
531
536
852
338
854
17
776
424
653
635
336
800
719
785
934
919
21
528
171
774
924
104
931
398
819
458
399
17
232
135
464
127
383
20
446
843
567
534
197
603
38
829
142
188
821
15
733
943
530
65
475
673
809
277
762
100
198
159
450
272
751
344
989
80
54
313
268
342
993
873
37
674
370
366
441
249
179
282
467
53
733
107
32
699
648
843
215
84
745
59
591
631
329
796
410
208
12
494
410
614
911
737
665
717
764
256
577
615
169
524
150
918
375
397
489
817
330
742
781
271
676
999
125
234
485
567
136
860
675
829
20
592
868
886
329
969
978
615
650
534
634
393
961
180
662
242
125
901
616
874
256
107
783
422
185
84
658
735
812
301
581
186
322
880
861
267
230
346
818
299
455
436
739
191
508
984
757
815
195
849
372
516
894
599
575
470
273
985
628
341
19
654
135
841
598
899
579
360
250
607
808
824
707
397
629
735
417
422
380
765
97
486
259
612
617
841
583
95
857
154
75
20
625
646
398
81
615
274
110
820
877
852
549
248
181
677
941
472
655
753
141
475
445
583
621
612
650
18
26
696
270
193
915
845
153
592
706
541
792
829
84
510
631
630
670
983
448
701
410
478
429
166
127
258
211
683
623
28
492
907
685
338
580
642
4
469
778
171
964
500
626
826
890
710
899
572
802
13
951
615
324
288
767
196
93
695
414
175
552
409
550
860
290
609
944
697
972
106
766
126
323
878
30
453
451
695
15
638
137
993
505
287
545
650
469
632
765
647
735
467
660
955
158
355
92
779
279
33
951
918
276
490
460
896
57
783
212
75
638
646
737
728
592
403
947
945
52
925
501
725
752
249
947
987
7
526
602
520
134
709
81
765
739
42
492
494
952
803
576
631
211
214
557
497
186
976
463
806
435
895
144
374
101
112
260
817
742
426
807
125
565
33
340
49
444
81
31
817
584
572
8
670
298
45
773
47
683
784
99
33
638
355
889
121
417
18
479
191
714
758
743
516
57
121
155
984
98
96
888
561
751
45
370
885
900
408
857
34
421
773
682
269
829
113
794
820
117
70
242
411
617
852
167
574
598
382
632
318
434
313
560
806
1
358
128
725
792
829
596
724
584
739
912
927
138
467
619
978
39
350
570
210
872
142
592
599
337
97
283
42
999
193
557
436
985
468
672
866
102
905
809
494
549
255
116
177
936
279
939
760
577
681
767
43
587
27
998
291
791
26
976
722
125
71
872
863
512
350
329
166
472
233
290
819
619
872
96
789
294
444
96
234
677
631
685
417
569
130
513
38
3
622
882
634
491
529
114
605
982
162
5
879
312
665
249
420
237
976
36
363
33
953
612
80
233
146
9
406
656
383
501
454
629
639
151
945
173
472
415
799
284
120
725
55
110
908
539
53
44
669
272
360
728
992
750
406
57
835
968
352
627
870
300
782
589
464
541
23
904
472
771
12
797
708
245
600
437
350
114
909
982
550
230
359
792
856
405
437
472
706
382
244
246
794
644
851
254
728
432
916
967
787
300
7
216
861
337
468
354
965
848
622
246
10
808
992
754
972
339
521
743
384
421
522
987
515
17
665
524
404
866
380
529
626
563
772
275
700
170
944
535
739
713
241
252
640
946
87
923
837
196
420
410
38
899
516
793
131
865
218
688
161
732
555
620
707
471
740
298
113
798
748
225
511
208
949
930
411
669
380
187
999
474
931
17
782
543
163
432
717
704
168
517
267
596
368
712
694
3
256
883
172
885
343
318
811
398
404
301
260
740
446
274
730
636
781
584
356
700
82
742
153
730
253
194
527
360
165
40
834
7
828
747
624
627
266
829
582
815
750
532
918
202
477
383
60
810
678
147
206
62
964
574
637
266
596
467
25
549
598
178
392
724
497
194
101
60
584
815
267
970
72
356
659
981
86
391
926
670
806
551
915
623
254
232
571
517
684
668
123
365
469
11
441
732
138
497
177
22
283
133
918
675
513
384
408
361
365
154
925
203
653
722
516
7
697
958
394
792
198
339
977
756
292
631
587
906
401
758
69
325
883
145
626
469
530
766
775
864
712
470
42
545
811
690
688
527
845
97
765
406
241
27
549
871
739
87
96
558
856
121
533
297
167
456
860
372
434
202
487
334
702
140
667
905
25
457
389
918
665
789
668
546
211
171
736
240
672
893
222
532
237
824
835
290
810
144
485
951
412
675
978
919
380
379
255
157
369
904
890
986
879
606
943
968
505
145
721
428
471
728
912
183
864
650
131
426
463
309
763
22
151
429
905
910
457
631
860
984
211
466
990
347
977
185
380
7
815
47
550
427
999
881
156
419
172
807
427
960
780
710
66
249
903
883
989
380
37
739
20
540
324
842
387
250
538
214
231
161
379
395
850
296
154
976
793
52
815
626
743
843
792
729
274
746
55
40
64
681
722
275
317
758
283
708
555
825
309
961
404
855
648
424
623
234
372
837
605
593
83
405
526
349
82
869
818
567
976
88
541
52
399
912
388
73
883
404
513
8
931
141
662
357
136
654
657
941
287
169
25
617
357
988
700
267
750
952
53
235
157
547
523
548
446
849
900
471
495
622
140
113
926
356
745
163
816
5
53
651
954
615
227
327
534
240
610
608
441
332
695
828
980
103
310
316
301
960
817
572
135
907
662
361
26
989
418
770
886
825
592
307
444
177
578
819
512
9
97
394
640
62
397
116
214
509
341
749
241
964
595
580
299
489
686
971
960
798
129
99
724
548
946
375
501
667
102
652
978
616
663
893
620
707
636
756
988
962
960
446
948
927
381
879
881
511
492
839
152
37
377
58
696
389
67
872
951
271
189
228
897
397
395
634
728
638
707
975
480
493
336
83
93
636
511
483
222
714
110
275
344
792
49
964
490
458
299
541
981
107
273
879
908
867
428
728
611
536
483
165
434
174
344
526
404
192
15
121
817
18
936
714
507
587
913
20
841
780
806
149
918
110
630
738
744
813
910
584
581
991
901
397
313
494
321
193
427
950
264
186
884
203
907
962
278
927
470
129
187
909
557
520
589
867
254
762
676
490
526
402
198
701
857
962
71
469
303
581
478
179
125
911
241
656
142
949
584
9
800
600
429
456
485
919
848
736
468
603
762
488
835
76
793
154
351
684
140
335
867
207
212
100
752
279
243
207
544
243
150
724
145
72
968
882
241
900
423
350
992
894
214
788
476
360
424
121
171
285
757
454
207
423
1
26
420
699
474
882
722
651
623
939
380
762
846
419
606
564
437
777
838
576
757
381
777
30
525
174
30
388
465
713
687
994
369
888
671
11
72
343
405
444
771
296
661
212
475
675
910
341
142
534
718
519
820
621
601
318
420
982
725
816
312
509
16
623
60
237
918
427
934
283
951
149
743
954
79
696
571
627
854
507
780
139
965
870
203
40
572
607
602
128
435
326
612
981
253
419
229
137
365
618
229
602
889
395
35
42
151
148
184
219
454
20
607
201
317
7
907
374
451
995
420
415
135
688
792
817
982
579
546
602
623
176
543
974
621
427
352
421
682
761
438
766
923
925
741
290
276
495
141
624
666
893
510
44
549
161
244
180
95
881
491
130
786
920
64
712
119
559
778
217
637
21
588
507
543
316
524
238
423
822
14
360
915
968
750
651
825
611
143
993
465
125
151
881
147
41
976
8
661
892
928
794
81
883
569
351
517
529
705
953
890
153
38
409
114
983
648
555
777
597
124
228
802
71
539
676
584
563
460
286
12
911
937
514
33
835
55
142
666
577
291
954
279
192
869
843
415
255
122
329
790
985
817
43
364
274
273
600
488
904
862
484
605
122
76
394
556
150
92
137
302
930
750
997
97
298
338
784
840
367
595
753
629
121
19
482
739
93
862
426
970
984
733
866
968
927
454
1000
353
784
121
658
376
269
878
271
248
1
398
374
694
763
407
742
886
663
920
76
41
968
534
718
751
600
69
486
35
438
629
918
580
760
648
140
532
685
852
293
511
983
150
600
124
459
679
832
17
204
962
415
953
91
19
957
829
42
453
92
365
898
939
297
704
610
729
407
70
548
131
300
20
391
1
469
763
632
598
816
83
291
297
763
791
201
189
10
318
432
909
233
319
411
603
159
977
824
555
759
76
483
806
26
639
424
11
850
184
435
401
685
743
130
299
181
915
723
329
292
322
752
398
620
461
860
366
491
95
263
252
729
181
496
521
533
730
163
359
805
185
500
45
789
343
236
210
704
197
53
987
888
521
731
211
738
219
995
635
322
59
156
111
25
808
153
314
611
360
519
121
595
971
840
248
127
30
583
793
401
749
255
363
809
627
109
736
455
642
798
38
508
273
338
795
104
64
189
188
892
754
791
555
642
87
889
15
133
10
697
115
531
505
438
460
713
861
143
295
90
268
423
522
732
221
790
672
947
529
161
679
54
295
698
900
656
203
344
524
867
392
783
426
304
665
545
244
920
207
427
607
673
535
846
18
629
789
284
603
854
738
386
317
609
754
985
502
468
852
417
78
144
446
796
945
281
874
178
471
621
880
626
463
866
784
446
629
867
511
233
787
107
244
398
436
133
130
109
832
259
154
999
474
374
66
786
813
375
421
807
24
574
431
844
896
83
704
879
749
136
509
252
797
288
995
898
72
733
17
706
703
914
527
570
477
277
437
880
549
910
750
79
678
224
820
300
172
682
432
60
651
120
308
726
928
430
376
572
328
535
863
514
914
659
556
117
308
724
993
299
833
551
663
256
899
398
599
538
264
354
519
833
748
312
33
203
668
586
965
397
152
446
844
258
633
207
503
516
113
657
429
743
386
502
451
596
75
195
660
646
140
832
906
653
279
183
141
133
169
259
474
15
200
11
534
709
934
967
630
164
97
814
921
794
740
622
869
944
462
500
964
823
841
251
874
717
539
971
430
320
180
946
393
638
267
462
940
891
355
772
837
192
159
673
114
461
277
572
322
564
19
871
481
428
657
279
303
349
716
475
740
988
819
734
612
922
711
565
17
878
737
603
35
52
429
38
384
576
295
810
935
290
47
584
726
450
476
154
156
195
346
774
353
463
507
370
683
139
641
889
333
82
446
310
969
237
77
291
769
224
401
434
107
446
190
647
936
199
865
705
661
996
479
545
686
345
298
491
499
317
674
543
676
369
457
258
849
817
203
728
101
180
843
753
128
316
514
644
117
120
57
523
540
186
645
604
287
968
139
40
776
701
948
821
128
924
531
225
680
607
436
421
27
62
339
629
61
991
99
912
887
915
493
527
156
858
138
95
982
126
836
471
746
958
241
422
507
442
56
514
955
582
744
888
67
260
789
932
955
797
388
45
217
509
374
540
788
969
176
573
440
990
846
303
819
434
497
374
874
971
134
915
835
310
216
463
859
480
892
438
485
542
631
607
357
149
671
1
13
6
410
810
840
389
769
140
696
619
209
685
323
9
802
867
97
229
976
662
921
584
624
623
461
959
925
477
93
319
221
580
238
379
296
984
783
758
282
555
442
805
775
954
945
804
9
868
884
725
28
30
500
900
364
839
643
231
252
654
225
677
585
783
571
422
820
309
722
99
989
825
236
877
238
404
953
877
588
482
733
683
351
503
962
827
816
328
297
417
591
426
765
157
135
207
606
388
163
467
83
239
557
232
825
933
276
298
130
978
441
734
39
925
93
424
465
615
572
293
749
933
657
238
95
376
426
359
408
437
480
261
150
40
137
186
261
416
760
68
703
845
896
210
291
60
105
856
235
482
685
515
945
170
414
988
974
956
348
693
191
645
925
269
36
728
983
831
768
789
144
682
40
118
66
984
133
215
959
312
974
338
137
111
16
355
266
325
551
640
425
690
854
715
609
748
577
630
470
845
113
972
698
902
47
139
400
163
791
116
949
522
151
270
16
673
530
769
957
745
853
593
74
312
128
417
191
984
376
807
76
85
735
324
774
209
608
212
477
166
373
868
54
150
269
633
513
30
663
925
49
7
999
699
879
25
526
833
767
981
24
472
626
923
259
713
629
303
498
77
427
456
647
644
967
69
110
816
447
3
829
597
852
658
895
989
846
421
464
960
80
642
273
48
877
441
666
263
670
137
423
637
970
770
974
163
916
860
611
503
745
150
418
147
254
563
56
686
964
359
960
907
659
772
790
405
829
433
842
286
108
145
385
314
376
134
31
1
33
660
600
486
100
469
574
414
386
440
408
154
36
744
52
189
847
703
130
534
74
466
374
972
531
571
487
124
515
249
86
899
504
430
601
974
670
12
4
713
11
388
946
224
149
636
721
152
482
319
897
547
774
490
236
254
589
67
211
434
251
249
203
750
58
223
749
283
635
796
241
532
478
836
96
75
770
745
404
381
213
905
701
685
47
271
490
384
705
160
995
831
486
664
790
864
801
836
366
830
909
763
807
694
851
656
374
389
944
520
557
269
745
45
299
846
689
778
98
479
768
917
154
568
686
385
751
667
338
349
844
34
447
975
944
914
220
956
721
534
198
346
580
348
517
219
553
854
12
655
244
122
55
761
57
511
507
998
66
790
606
266
698
508
609
736
595
537
406
134
525
96
603
54
837
962
810
259
713
34
829
900
447
753
603
894
681
870
994
688
830
577
779
142
448
325
754
234
495
159
998
451
294
957
626
855
817
987
882
267
427
896
492
978
603
108
149
729
244
513
769
527
234
62
586
984
829
141
893
530
503
513
58
673
815
895
19
589
868
666
334
868
386
95
75
477
319
542
740
164
103
480
321
496
326
568
256
478
12
595
515
585
263
103
866
234
342
115
745
983
949
70
791
473
224
684
987
367
206
84
692
749
441
42
503
560
580
668
715
932
20
588
861
176
719
928
914
585
542
72
955
769
343
607
329
799
691
970
253
841
129
334
840
358
167
778
637
203
318
101
209
319
214
267
336
204
641
659
759
834
604
503
843
441
831
38
220
812
173
722
949
269
689
931
618
813
19
650
232
291
709
583
704
704
629
882
785
232
119
949
46
294
388
911
418
381
860
570
621
736
669
813
245
796
66
715
258
573
742
638
164
115
413
799
926
327
155
865
288
460
652
862
818
742
682
408
795
666
378
116
736
903
53
512
184
982
838
503
65
512
444
489
376
950
514
777
855
55
125
897
190
247
346
454
867
938
918
760
835
77
893
253
779
207
30
574
174
688
282
900
669
636
631
892
299
606
528
447
298
81
120
245
907
470
619
682
492
64
9
423
408
29
532
61
962
378
293
19
145
158
913
787
934
846
644
275
231
548
901
903
547
602
321
589
546
792
733
742
606
660
793
310
144
827
833
610
906
462
878
972
743
542
644
258
769
504
162
536
615
203
350
481
789
849
371
378
761
112
688
321
334
564
503
733
906
899
793
91
568
459
56
760
506
443
991
732
614
935
927
986
968
283
293
98
566
761
875
823
971
460
115
185
868
545
357
20
96
744
302
226
462
371
12
781
39
642
895
108
204
402
642
984
466
919
339
373
933
654
921
873
591
17
550
831
600
774
78
527
111
531
41
282
115
571
172
562
8
38
779
321
19
563
361
655
598
650
769
236
348
820
592
997
595
454
669
95
660
833
764
748
527
63
16
712
710
12
160
49
451
411
679
234
141
384
283
901
744
989
494
15
739
186
152
904
883
495
719
247
446
849
102
677
906
22
782
98
727
50
286
588
727
521
355
4
548
753
787
959
465
639
300
212
221
573
937
886
646
767
970
534
217
568
510
524
322
588
723
303
797
693
733
323
166
733
64
455
374
881
232
234
138
893
374
402
202
582
375
88
679
797
557
353
82
575
638
789
791
520
370
80
535
518
204
503
134
636
83
845
417
295
33
500
585
41
139
237
935
289
984
325
373
765
139
748
512
721
770
205
518
575
926
769
881
771
195
425
542
305
174
87
665
916
557
222
50
34
879
463
593
256
487
182
489
968
954
615
654
946
691
456
825
453
664
780
246
253
139
106
206
895
628
279
441
406
962
114
710
380
187
269
258
63
602
309
983
413
189
814
806
795
866
308
370
109
814
350
285
651
881
982
836
719
356
513
388
865
447
753
997
162
339
897
384
91
537
94
40
607
749
564
581
360
378
167
458
225
60
12
121
325
766
77
130
139
62
258
178
346
796
955
620
392
164
717
89
251
248
363
626
910
342
334
658
143
13
257
271
381
749
316
130
222
973
550
100
84
366
658
509
283
402
571
197
456
289
516
263
710
207
281
732
59
405
971
660
603
743
457
248
929
766
424
355
421
522
804
197
221
125
972
459
513
389
424
765
283
887
281
952
453
85
91
98
927
823
200
478
137
400
51
734
749
360
933
746
442
48
145
488
256
393
213
116
622
824
533
86
384
772
571
801
674
477
482
975
604
746
73
803
777
312
546
4
825
366
575
234
411
734
540
725
78
336
244
484
684
185
734
418
265
522
113
611
943
888
921
676
109
156
32
633
191
588
484
408
565
117
139
637
679
321
674
52
691
564
601
537
538
379
449
357
829
298
383
881
449
300
97
692
489
56
663
749
692
866
955
805
234
878
466
757
197
693
929
270
463
357
254
347
93
86
933
95
885
718
789
773
627
9
252
433
267
268
123
736
523
691
846
435
311
8
193
672
924
812
988
731
939
799
811
504
41
980
7
167
727
672
251
600
417
1000
241
479
882
231
408
609
842
683
224
592
78
757
349
772
112
143
63
180
473
67
820
668
327
814
568
143
208
125
223
504
374
781
398
34
143
270
705
396
162
158
840
180
35
594
135
349
152
392
618
480
650
1
150
757
755
144
73
39
538
374
271
10
509
366
122
20
305
300
885
561
158
186
358
686
600
179
845
864
580
875
418
623
708
210
128
427
735
675
151
472
242
337
367
879
528
49
992
908
659
390
677
89
309
715
980
914
950
956
868
11
701
337
682
971
204
373
315
38
535
311
607
957
572
881
810
968
193
907
290
710
313
756
981
761
936
113
636
805
207
701
807
522
520
457
318
474
467
951
14
459
868
474
586
5
10
187
949
421
462
710
594
725
515
804
537
755
499
423
274
894
832
764
103
733
38
465
656
151
866
837
56
172
758
248
893
826
948
940
775
872
109
954
775
703
860
47
557
134
948
48
634
188
810
538
142
380
147
445
448
287
529
176
792
956
609
34
255
689
598
299
437
941
227
186
440
626
516
232
164
190
804
528
712
3
324
584
483
226
778
653
990
624
237
113
70
684
492
316
878
886
689
784
778
193
688
416
519
572
697
516
657
545
657
580
501
378
839
886
425
384
859
449
229
628
886
675
5
361
97
278
595
953
511
167
959
457
877
838
537
684
328
682
811
837
581
743
636
86
97
879
252
927
438
708
853
362
462
43
841
871
992
576
534
588
592
979
947
664
332
352
421
873
992
607
943
46
703
245
924
908
666
621
285
77
429
975
87
595
575
907
884
6
686
53
800
81
909
139
500
326
310
488
520
945
367
494
629
56
887
11
640
18
549
962
493
766
55
724
780
203
190
409
289
209
808
155
497
277
263
236
385
913
46
15
864
37
375
691
748
875
664
457
106
734
782
318
886
385
566
166
704
285
127
235
289
836
651
963
748
785
909
837
950
260
708
167
202
81
42
137
440
328
677
832
72
762
448
715
528
100
14
240
780
802
427
746
581
551
924
323
779
488
791
424
487
25
393
241
168
920
704
476
872
167
932
414
204
480
522
798
558
349
290
256
713
374
280
191
976
31
353
178
981
854
832
484
902
955
832
244
899
568
853
786
741
28
390
155
898
746
122
729
481
364
394
312
544
184
566
787
812
132
502
888
765
597
680
621
76
742
663
575
348
428
241
686
982
28
830
969
662
869
365
445
451
484
675
816
584
401
254
431
384
725
822
465
705
168
926
477
585
97
678
96
81
489
478
254
882
306
668
706
837
940
989
17
783
965
555
794
96
997
969
366
726
329
916
916
582
652
434
41
832
474
429
995
621
371
31
133
496
145
402
212
178
519
741
878
384
435
403
154
181
168
245
848
325
44
717
946
343
142
14
711
824
567
1
162
982
810
339
586
914
845
362
801
501
42
325
482
452
844
313
260
764
971
46
697
493
312
281
844
33
445
414
53
79
159
969
302
922
185
620
975
383
280
63
279
702
874
289
304
848
277
734
103
573
651
809
582
965
984
336
369
852
617
119
800
349
496
871
448
99
115
678
160
601
912
67
580
824
26
619
779
739
472
468
796
962
684
357
895
258
451
739
844
395
224
746
380
290
751
979
1
322
373
67
618
217
366
758
549
754
628
280
628
9
452
345
459
348
768
37
926
517
690
991
273
878
920
304
123
257
441
104
524
291
456
4
741
817
441
322
338
657
592
716
250
779
809
106
911
361
183
273
693
351
190
740
486
999
611
537
887
765
939
936
518
176
909
79
329
446
756
276
507
460
633
67
939
452
148
427
700
374
56
299
909
834
971
568
201
23
393
494
608
536
878
450
224
447
332
999
534
947
594
698
236
612
409
670
849
218
685
54
560
206
293
590
867
724
88
336
824
977
708
690
812
262
569
111
319
649
875
417
268
748
473
699
904
73
56
241
651
113
912
328
920
832
730
990
843
124
161
128
307
770
532
213
79
833
485
646
208
550
681
944
212
351
821
266
51
136
452
405
701
972
372
658
249
65
759
33
432
369
754
161
263
123
489
63
799
255
91
834
871
477
746
552
597
378
147
348
556
194
839
285
545
649
821
472
951
718
72
475
817
603
497
432
986
878
393
183
793
472
470
379
122
527
995
330
342
229
700
107
864
916
643
94
34
200
515
201
931
10
741
389
961
738
200
6
578
285
175
662
655
913
302
125
544
224
891
684
616
195
771
58
553
85
852
809
286
472
974
621
851
53
31
205
372
795
831
102
924
420
883
296
522
662
763
613
423
26
637
27
360
133
106
653
581
260
641
850
633
583
645
556
287
486
859
5
941
14
154
42
896
758
251
670
645
159
364
666
328
143
819
570
514
628
466
321
574
463
485
119
444
670
381
218
62
5
366
776
49
36
526
991
786
858
642
771
57
968
882
717
129
215
448
203
963
670
584
15
968
231
797
242
960
859
870
775
921
193
245
305
461
207
895
965
11
67
627
103
656
868
489
126
779
125
741
954
744
54
792
497
546
680
222
288
130
333
430
770
949
790
172
977
825
718
42
58
465
713
952
613
428
233
245
552
324
554
716
470
992
917
12
415
393
31
695
681
778
687
129
869
199
343
22
63
675
602
167
508
823
102
525
580
577
232
915
903
63
649
588
700
641
440
962
826
473
494
185
915
447
978
89
342
738
407
572
431
220
651
326
774
997
969
600
559
128
974
960
899
142
61
785
959
738
154
191
261
416
602
942
119
805
25
594
225
801
725
488
895
817
392
322
722
992
970
93
401
159
595
917
891
78
668
793
902
736
508
64
864
35
519
932
47
627
131
689
164
714
713
5
812
460
252
334
810
10
802
816
320
610
293
895
686
896
268
840
286
742
67
211
793
605
974
66
999
409
860
75
452
316
376
939
606
784
233
338
291
390
660
869
167
552
776
929
615
61
173
866
602
662
851
914
287
677
224
703
744
807
985
299
472
10
17
851
687
889
400
319
685
450
704
895
143
119
605
852
603
43
703
551
754
285
519
92
24
239
65
58
244
835
608
914
357
961
233
274
89
429
914
17
383
133
131
855
859
473
994
310
993
380
964
171
80
707
134
476
144
687
928
534
627
177
364
556
951
799
134
592
789
208
179
486
912
345
754
654
927
173
610
133
635
991
388
854
809
970
778
240
78
479
924
623
190
910
748
366
439
72
402
348
255
908
808
813
835
986
114
191
557
439
954
540
139
933
848
669
278
251
241
53
485
233
288
867
956
545
186
215
560
936
552
595
170
595
207
259
362
74
804
917
498
580
199
844
729
301
58
176
569
914
951
8
108
688
231
387
522
830
377
47
496
229
600
945
889
950
482
841
85
919
855
186
612
652
963
4
436
995
211
373
930
150
127
370
255
631
225
53
209
481
324
401
794
807
852
690
883
91
386
430
707
414
358
816
824
349
606
464
206
470
956
964
160
287
26
896
927
168
427
890
358
290
740
275
785
901
972
750
276
973
282
216
546
154
246
370
796
963
152
127
928
492
178
246
228
523
890
366
671
244
263
635
65
705
962
750
29
615
680
490
987
142
726
540
268
338
620
288
880
355
941
23
32
763
879
122
75
944
394
110
219
288
483
285
914
136
485
89
746
762
43
258
650
534
749
657
1000
216
133
312
481
396
632
503
488
342
596
391
563
204
805
353
345
59
901
12
35
444
398
114
335
246
522
117
655
77
792
270
939
113
154
776
496
297
218
577
706
858
749
376
298
767
13
371
870
104
810
406
98
282
979
517
779
847
845
489
678
366
336
770
510
177
647
993
674
759
211
348
753
622
754
576
677
396
883
867
127
360
149
989
704
235
406
4
145
419
609
783
297
26
680
545
200
479
906
706
222
818
768
80
777
495
597
205
994
110
571
211
699
561
818
225
673
149
231
398
939
160
668
564
835
324
260
940
131
557
685
424
24
769
554
923
999
239
129
148
356
69
369
570
557
174
146
169
148
734
417
475
626
591
898
287
127
702
837
702
25
163
213
284
468
104
981
847
181
793
75
406
352
857
835
401
722
46
976
68
549
221
267
424
201
341
481
630
536
931
460
638
337
770
643
942
365
988
810
677
941
304
513
765
716
785
198
208
301
140
11
476
482
569
675
716
548
218
748
979
564
714
783
983
644
835
25
624
406
524
16
137
918
416
932
73
715
229
892
571
513
355
904
129
281
364
971
215
470
466
908
286
196
28
111
647
216
181
351
836
482
520
265
276
317
278
553
238
163
364
457
549
280
944
427
896
851
469
72
871
406
587
659
108
188
179
979
394
176
587
95
248
91
478
53
965
321
862
708
832
655
261
318
370
529
137
604
236
546
44
243
405
158
926
554
543
644
467
414
930
26
163
633
87
403
600
989
355
5
350
438
16
312
666
453
432
357
92
31
798
116
615
441
546
333
81
113
248
75
878
333
582
539
164
888
316
842
404
504
31
567
298
58
976
505
459
323
633
381
187
908
125
270
193
577
7
507
275
982
511
392
581
606
32
26
735
99
590
524
506
3
964
56
200
834
93
228
698
442
629
901
364
375
543
591
762
100
363
1
766
278
681
968
698
636
614
982
2
945
523
972
48
822
53
353
6
175
836
188
649
183
818
460
987
266
213
158
41
41
736
79
582
123
365
55
136
647
348
48
472
748
984
662
218
926
73
4
161
449
834
154
789
838
509
555
847
367
379
392
396
811
417
594
298
73
648
469
517
170
47
924
602
340
342
616
26
825
567
923
103
661
148
24
539
140
984
791
676
808
697
1000
1
46
680
265
906
791
627
749
665
644
612
24
746
322
400
690
491
400
453
100
981
523
926
436
946
524
209
202
223
649
615
682
525
217
520
273
528
636
982
696
892
929
279
407
94
417
8
487
827
698
971
56
643
530
723
692
198
15
831
660
14
582
847
948
269
853
465
436
801
281
3
637
36
317
660
760
654
997
340
762
552
301
634
188
106
896
57
891
171
541
566
951
578
926
509
405
407
365
460
815
226
747
609
542
785
684
456
793
267
377
733
5
411
990
399
748
996
762
378
703
272
811
947
766
367
21
740
906
648
520
36
284
681
627
954
56
242
943
128
84
854
653
769
201
181
46
18
104
995
825
495
810
87
638
502
218
839
851
365
91
376
828
863
591
677
140
752
5
201
167
890
242
51
404
514
844
935
34
957
868
538
599
995
197
377
952
973
751
866
606
815
321
300
204
973
214
514
106
197
591
865
529
658
121
618
987
195
891
46
26
304
427
198
264
931
45
867
413
496
442
811
559
27
647
354
810
911
424
912
223
916
401
556
227
607
740
727
598
763
98
466
706
31
682
796
77
825
377
946
296
756
56
810
853
227
146
754
127
299
889
764
384
447
118
170
850
315
141
201
191
258
636
231
951
201
394
338
979
530
654
407
821
868
82
217
380
539
192
29
242
84
402
998
60
818
578
321
104
671
323
405
340
751
186
876
627
29
57
602
200
678
569
76
727
803
478
56
144
896
402
608
353
747
747
395
892
151
545
864
909
367
498
389
543
109
91
969
133
658
255
151
242
506
401
277
856
675
337
217
128
239
766
733
617
619
100
64
1
216
777
271
689
88
51
601
232
481
476
103
332
797
16
715
268
677
74
248
935
457
955
275
80
562
473
777
16
418
47
177
881
515
871
183
431
522
406
352
480
190
643
331
272
440
402
193
563
318
832
554
153
130
628
594
254
984
179
296
46
668
722
431
138
128
127
895
525
931
328
132
626
11
249
923
121
537
857
440
228
228
297
803
694
436
548
31
428
380
98
673
372
415
635
696
369
633
187
816
769
686
729
81
432
421
311
7
80
28
499
729
642
316
67
405
508
518
48
213
132
566
589
414
454
435
315
531
649
763
838
835
496
875
854
756
224
553
73
185
553
635
876
386
295
950
940
576
48
530
881
309
610
951
508
438
205
977
188
578
856
188
681
144
654
247
402
787
623
1000
517
856
769
77
452
301
472
736
850
771
347
250
719
992
483
766
463
823
600
99
252
560
713
262
629
349
327
781
910
668
866
669
300
360
181
568
908
83
460
927
81
624
119
641
119
223
178
905
127
502
711
877
674
336
691
946
616
353
900
254
159
736
252
621
870
277
899
707
456
263
344
667
727
167
617
747
862
630
417
165
313
401
602
828
424
182
519
594
786
384
155
274
997
395
37
322
612
637
369
928
552
609
876
415
496
625
907
257
766
701
245
158
81
964
525
405
78
279
591
977
281
235
9
935
272
334
383
174
668
253
99
508
104
731
858
630
115
668
617
77
382
677
325
110
753
467
50
862
810
68
809
210
740
829
533
77
474
911
776
708
227
303
304
644
643
394
876
81
343
599
652
58
201
992
160
928
656
878
741
419
560
447
790
731
147
782
424
107
216
451
237
192
162
546
94
737
793
46
931
106
614
523
137
509
944
923
385
723
754
678
544
554
953
517
490
87
770
489
627
203
395
929
891
130
732
871
883
948
631
431
495
708
417
859
353
951
125
573
280
29
958
318
133
407
144
577
619
881
24
217
273
366
435
287
874
270
302
820
670
224
510
156
867
839
631
838
796
211
91
931
124
103
165
637
170
42
322
370
267
71
438
548
858
615
961
144
877
944
105
628
602
695
280
559
265
546
952
199
992
101
413
588
453
189
350
970
442
532
719
545
70
387
214
749
165
594
566
81
555
254
701
884
945
888
175
500
904
142
510
105
197
317
993
437
476
808
21
985
900
921
211
248
789
222
688
303
684
835
297
89
189
377
127
757
181
557
167
599
706
948
489
715
72
482
769
522
859
935
724
413
365
229
597
593
11
101
662
380
29
786
135
300
189
124
432
889
858
556
332
966
357
384
446
499
147
579
647
36
9
508
511
749
824
757
291
540
679
828
572
565
767
844
950
637
297
802
904
671
404
43
598
915
922
613
813
887
858
711
648
914
633
593
20
635
738
12
832
648
672
816
982
794
320
557
973
311
813
886
811
809
396
44
211
653
374
999
606
445
213
65
74
937
354
260
159
332
733
398
865
61
156
738
331
143
88
835
359
99
136
61
144
523
189
723
672
239
446
811
449
791
285
371
48
986
879
842
660
738
412
165
999
500
757
481
956
521
110
438
537
758
957
557
455
328
204
693
673
752
311
240
469
246
49
993
775
820
160
546
773
663
325
472
149
101
977
450
983
455
302
532
663
754
719
643
321
722
258
413
577
334
828
373
221
177
396
307
657
122
483
698
463
490
832
700
557
182
334
954
156
351
115
973
587
319
741
851
276
228
799
331
492
608
202
287
56
640
257
231
548
651
943
167
891
403
523
664
290
665
851
132
344
246
253
986
753
429
244
726
893
843
25
820
532
620
88
187
734
867
260
659
867
230
253
227
977
482
825
156
87
696
913
146
142
860
648
279
771
727
883
282
117
539
28
356
291
111
554
705
89
785
499
175
104
761
502
547
358
99
583
454
29
157
491
176
185
782
806
765
528
977
947
993
376
144
261
572
613
669
720
188
299
742
160
548
846
349
399
242
626
587
655
994
367
592
761
90
189
476
173
842
618
983
363
987
56
149
897
99
655
96
452
51
378
198
562
746
649
34
43
794
340
797
379
54
205
911
114
560
655
966
524
715
536
914
638
964
504
806
682
578
347
534
832
702
141
319
553
377
105
666
645
549
725
338
729
547
185
273
382
360
69
232
284
35
937
822
833
462
655
771
903
896
213
500
833
756
695
355
761
631
637
726
831
478
679
281
384
95
312
956
350
627
552
664
269
330
203
946
100
312
384
394
328
696
421
14
389
88
827
835
624
593
760
7
996
972
432
517
18
477
483
433
665
496
588
581
485
432
887
846
462
557
936
66
837
508
492
104
579
773
757
494
531
557
548
735
899
371
227
665
479
53
472
253
967
444
808
857
944
283
196
373
290
743
138
892
875
999
624
399
605
840
220
673
91
433
45
214
367
853
544
87
687
158
429
459
779
775
715
40
337
464
394
33
288
626
584
91
175
101
344
986
301
420
587
753
9
877
524
712
764
776
450
639
337
562
219
608
210
724
891
464
979
98
987
2
409
581
276
549
846
827
948
749
89
498
418
958
819
562
922
388
592
886
196
330
903
194
16
317
260
399
986
473
926
848
132
133
187
447
649
881
609
26
441
580
135
425
619
66
321
965
661
119
808
771
279
278
91
140
437
55
621
787
961
239
708
451
171
90
167
898
992
620
817
63
769
338
663
871
565
633
989
970
59
497
250
905
69
882
447
627
164
857
460
378
119
376
796
182
933
88
218
224
534
19
104
640
286
703
925
276
705
546
530
325
153
137
651
97
604
977
91
995
413
869
369
511
857
568
544
841
152
196
635
421
72
172
201
605
380
630
628
715
859
190
836
745
176
382
423
247
931
364
857
339
459
872
262
187
450
111
226
29
460
199
302
736
219
102
119
472
223
921
432
171
65
681
636
758
588
851
734
91
274
451
573
547
821
970
65
629
22
153
823
563
966
863
304
742
101
240
597
784
457
509
326
915
157
19
489
197
322
461
281
240
242
617
552
324
387
752
499
775
598
706
178
445
712
426
721
132
718
320
255
972
427
952
840
154
133
493
965
820
224
249
274
347
605
256
210
101
946
252
500
210
33
710
632
782
512
607
572
516
434
460
555
376
962
699
458
505
972
806
958
403
830
699
471
634
360
841
692
912
729
715
391
430
583
451
854
270
802
458
458
360
102
892
278
437
357
315
238
320
334
740
306
4
977
978
505
742
897
331
793
583
387
588
438
505
258
239
833
221
912
717
206
535
481
693
473
499
1000
971
970
659
889
960
555
223
48
748
270
74
785
894
21
934
547
346
640
661
155
716
134
517
77
307
762
240
702
278
94
811
893
697
472
602
638
612
335
337
899
148
87
826
384
306
138
497
307
774
511
921
411
867
688
770
222
823
427
980
91
443
74
191
118
918
34
212
705
873
26
11
413
202
113
483
325
655
644
648
599
815
907
55
432
687
690
66
656
663
409
990
171
376
92
200
511
926
162
534
87
371
31
214
704
593
205
637
154
243
137
718
515
263
809
211
669
371
354
61
675
164
569
926
805
958
625
2
342
641
134
96
340
447
740
199
375
743
305
847
759
416
545
911
697
800
758
452
160
930
990
414
584
211
898
592
963
99
717
242
997
972
239
521
299
980
736
197
283
813
683
11
170
998
517
773
141
662
866
828
838
700
659
334
96
434
486
625
666
523
752
814
267
103
949
809
791
645
268
216
510
250
176
215
32
45
768
695
938
479
3
226
458
241
302
489
451
621
598
646
921
513
653
356
879
704
949
281
29
124
624
670
254
447
418
362
760
947
542
940
12
939
320
307
161
300
468
569
897
767
107
709
371
871
793
116
491
798
822
811
891
448
866
869
681
882
527
966
446
794
527
840
461
199
732
439
605
293
943
499
131
572
808
140
353
592
945
984
536
990
945
470
963
174
140
441
531
622
202
601
850
803
869
513
667
829
855
448
873
210
547
499
50
657
550
767
444
533
255
228
554
949
277
573
309
110
893
270
323
63
520
164
9
584
10
303
906
136
832
155
310
679
782
503
152
700
686
480
65
933
201
931
756
763
216
394
536
921
456
907
141
861
53
904
999
987
919
933
623
52
176
37
732
328
351
300
836
362
422
28
114
205
661
213
545
100
567
218
522
758
908
747
832
164
29
165
296
108
868
452
547
725
408
856
734
288
602
57
539
981
243
399
472
163
530
420
275
602
175
414
739
129
314
435
643
58
693
141
53
576
397
147
607
323
600
618
586
901
7
813
917
716
474
727
447
750
689
757
656
4
467
881
52
859
675
958
217
723
436
296
459
594
326
775
929
463
614
751
642
995
576
355
514
184
488
532
578
480
23
827
111
442
397
518
612
40
250
250
89
669
488
605
19
378
716
648
796
967
445
820
366
906
648
105
871
983
412
870
795
617
472
939
242
588
984
308
878
29
629
415
528
652
36
270
354
685
62
53
474
728
631
283
824
899
993
903
464
668
781
303
623
537
708
916
127
48
642
950
798
733
121
216
193
810
608
390
55
236
826
582
671
249
557
794
412
351
777
1
249
426
327
246
884
812
518
490
555
330
812
219
710
304
770
141
256
849
34
587
749
154
901
651
441
924
277
32
67
160
712
701
370
287
433
532
717
82
348
829
385
168
20
545
389
831
272
558
439
150
970
634
802
979
995
563
121
334
788
458
527
841
222
595
472
308
30
957
353
709
754
429
826
708
162
176
388
606
293
293
886
805
417
991
658
201
781
79
17
90
859
119
738
502
173
665
455
328
542
56
938
795
18
174
411
860
967
518
176
412
161
598
293
457
145
98
582
605
506
807
339
631
611
520
66
816
692
733
814
331
162
674
675
382
702
840
654
634
811
700
321
113
87
998
885
900
774
413
580
396
601
906
496
601
944
825
559
842
357
558
148
303
262
33
321
305
136
305
938
549
569
613
8
294
395
286
85
227
633
423
933
417
863
451
640
331
166
248
904
360
472
593
593
919
426
149
842
825
361
501
886
574
591
583
122
387
218
646
694
761
918
340
75
852
149
747
383