4999
8598
3592
3485
3660
8145
7404
3944
6127
8264
9793
1735
4014
8721
7544
1208
2652
7438
9862
8651
9067
3277
5161
3079
1974
795
4683
6404
8853
2871
1706
4090
9514
5555
4488
4036
8757
9108
2835
1182
9016
3929
4959
9416
9955
8170
5753
4905
3690
8931
6612
9317
3518
77
2071
7561
7884
8972
4116
349
5319
1500
2136
7682
6969
8530
4613
5119
496
3967
9207
7732
6265
9817
4152
8000
7459
5840
3751
7761
5568
8546
8607
2541
1234
6202
8166
8325
9808
8211
6338
7063
4365
2264
6239
5366
2126
5633
4664
5620
1609
155
3634
9446
6636
8135
2266
6181
9211
5271
5922
2052
4533
5725
7140
6678
6400
532
9488
9205
7035
5589
8589
5012
5315
6787
5476
7160
9623
6628
6058
8768
5452
2331
5041
9000
2814
7664
5879
8889
8772
3431
225
154
2589
1439
9475
8430
8156
2622
4057
2320
2740
289
1101
3527
7742
2920
6502
9407
1954
1811
7497
7051
7229
9000
7442
6811
7476
4016
167
5899
9217
2863
5442
777
2334
2609
6085
1870
3294
8083
1148
9528
8821
8794
4814
1344
3094
6843
8797
2189
171
4390
2118
292
9086
8239
6837
8551
6197
3748
1495
9425
3037
9816
7745
6990
4068
9394
9833
6720
7488
4269
2538
3310
8768
1439
8482
945
9550
6195
8252
2630
1008
3134
4943
5083
8977
1484
4561
8760
690
9968
635
7438
5512
2857
9124
5996
3581
3505
7117
4471
191
7318
7563
2976
6070
2266
2887
3522
9642
7004
6895
3969
9933
6976
3439
503
7578
4391
8836
2480
8362
9204
4830
6173
7014
6511
5416
393
5810
205
7969
3598
5290
1955
4052
6735
959
9104
942
1211
8832
2538
7898
7961
57
5732
9488
9653
2217
9830
5316
6612
2754
5501
3102
123
7470
1390
4974
4071
3873
1409
7188
1258
5507
8828
7392
6514
1917
2077
7180
3891
7068
8925
6703
6134
3967
8028
6247
6650
2723
8745
4113
3795
4556
8830
9742
9994
8100
6742
5338
1307
373
8577
6639
4683
5567
8408
5790
9224
2897
3911
1272
8183
6729
9943
674
2242
9224
8288
414
8983
7984
5741
2901
3503
428
2980
2730
8310
3600
179
4673
2647
6978
4029
7190
2465
4725
6528
418
1738
526
926
1397
5358
9065
5519
1939
7020
1680
8185
7273
5770
9547
9293
471
1787
7111
8079
3182
1398
1597
3444
8897
5785
3608
2497
1062
5766
2557
9790
6240
6599
9387
5054
745
8979
1965
6379
3823
6197
9796
5082
8198
7002
7606
8797
5148
3436
6539
1832
3228
1872
9399
1143
2689
5064
474
1862
244
5819
4805
4705
9520
9106
7353
7904
1281
4464
6855
3335
2227
8307
4577
3227
2329
6964
7761
2640
7980
3655
4510
5455
3227
2968
9782
6107
2878
9613
2422
8285
6215
7699
2812
1369
8703
1203
3020
9933
9757
3013
7109
6639
4721
1447
5341
1782
4934
9187
5693
8439
376
272
2609
8795
9750
8189
3813
7948
8087
2305
4346
1356
4069
3645
4892
9411
4399
5915
3025
7438
2100
2807
8487
8621
944
1217
6986
824
3860
1876
6672
4121
2569
1719
3133
3574
2155
5149
1246
1358
5087
7248
2661
8624
1607
575
7985
3292
8914
4286
7324
3060
2755
366
1674
1088
484
7994
9612
8192
9776
6785
8746
675
2628
6766
4321
8170
7994
8079
6214
5269
7869
4478
9873
1886
4590
9694
8400
7548
5662
9678
8356
6413
8583
6632
5353
9842
9194
6888
1937
5128
9616
4315
534
2970
8239
9904
2265
1123
2256
4017
6785
5820
4361
2709
141
2588
4885
3630
434
4439
7441
5790
1920
8659
4155
8275
1087
1943
7542
8982
9476
793
442
3453
6531
6372
6230
1960
3227
8396
3742
1215
1893
6293
7139
8954
1537
3566
6151
176
9491
4269
4001
3713
262
292
1590
3831
859
6888
1009
7406
5402
1955
3408
2538
8271
4319
290
1116
5472
8786
6286
7100
4378
4032
188
5419
5258
5329
1360
3307
2703
7789
2860
2840
6283
1064
1938
7648
277
4731
2338
7868
2199
3156
8345
2179
8208
9633
3722
7304
3679
3859
6498
2715
7986
7084
3762
1926
8529
4614
4002
9631
8772
4978
7248
6844
6405
5431
6147
5455
2819
5445
4581
8495
1133
3385
3214
8092
368
8013
7663
5641
328
7960
1709
9505
1455
1716
5536
8823
4711
6360
9083
1082
7528
408
8519
2478
6650
5321
3990
1915
3262
372
1156
467
9358
555
6520
5214
6330
2471
3327
9375
3433
7126
865
1431
8989
4078
1061
1322
1543
545
1061
5653
6217
3947
1178
4136
5588
3824
9852
2687
4714
1738
4510
8566
5048
4959
7
395
8421
6807
6220
5127
3597
4419
9376
5201
6656
9813
8321
9084
8504
2592
8095
4638
4261
1518
305
8735
3279
1440
122
5979
5764
9888
6473
6191
9048
8572
2269
4921
1773
3141
5690
2872
3144
2519
6525
3996
8218
1990
7419
1971
3022
4497
2811
8777
6011
4382
3166
7717
4184
5509
5673
8497
7518
2005
2239
6716
3637
6099
8056
2541
777
3401
8724
3252
7567
3101
8349
4010
5687
9788
4624
6392
3089
1981
4525
6558
9848
7168
2196
8993
1612
5606
735
7760
4896
6648
1404
9493
4120
545
2010
6396
6460
6919
7996
8431
4504
5392
6183
695
7652
105
1807
2694
1661
9340
7485
3559
6515
4946
9630
7470
150
1769
1739
2945
7837
8557
4738
4267
127
3280
7510
8812
8031
1805
972
3372
6983
3963
403
4328
1204
9406
611
6505
1340
7676
2733
8094
9226
6251
3056
550
7817
2576
751
6860
8970
4665
5283
8414
288
3877
5756
9003
683
9697
9224
4655
3246
7842
560
3763
1853
2547
1491
2603
6254
1509
698
5662
2991
832
8948
5100
2825
3611
6699
9054
6933
8087
9342
5164
5631
6014
3073
5747
9214
9167
6365
6302
3986
4441
3873
114
7614
1118
4620
3416
130
1477
9359
4038
8416
489
2848
53
2651
8003
8262
1870
296
6303
2123
9921
1433
1415
4930
532
6602
3309
5400
2330
9156
7911
9397
7649
5404
4997
8568
2217
6461
9011
2094
983
2962
1126
7213
4445
6578
6821
3409
9700
1909
905
1860
7020
8188
7377
1569
9922
969
4259
3767
5044
3391
9097
6269
2547
491
4134
1310
1848
1604
5732
9125
7066
2333
1396
2147
224
5424
7582
8070
796
9625
6594
584
6377
4437
8877
3168
8340
5307
3433
414
7666
60
7869
7231
7412
1025
2248
4499
565
3881
7377
2810
1294
9711
6399
5163
8377
7236
7251
616
4811
2395
203
368
4553
6640
2906
5534
7287
7546
9517
8976
4419
4925
7611
5438
2440
1735
7468
6630
9686
1990
1222
4912
3571
518
7523
85
1585
2378
5921
7656
605
3840
4344
3692
5545
845
8273
3673
9568
8868
7091
199
2729
6821
8818
3281
96
2365
4589
5108
2328
8520
3891
5507
6153
518
1474
628
1263
1094
1948
295
747
6788
283
9052
3677
4282
7091
7617
6142
1983
3667
1556
4695
7479
7657
7362
5366
567
9712
5022
612
9399
3864
9339
1219
3421
8482
898
6619
6399
4891
4262
3612
302
27
9594
6980
2054
1371
5497
6148
3839
4711
9222
2514
5287
921
2144
1877
4047
9540
8127
8032
6419
1510
8905
2707
4032
3825
8944
8117
7414
2826
2496
2549
7624
8547
5104
6656
5891
4716
8389
2521
7164
994
2683
4499
1864
9459
3809
6833
2124
8797
8917
1304
2517
6459
9833
1234
6703
4351
64
8912
9414
2118
5021
4024
6360
7018
4337
5162
678
9061
1678
7445
4791
7242
5196
6198
3354
2269
6983
3708
2701
596
1973
847
2508
5464
4836
92
3873
3165
2995
9867
3119
9826
4139
5134
893
5041
19
7553
8378
7796
1823
3148
9012
113
8350
164
8075
8754
6844
7617
3248
2780
6835
5215
3714
4396
9944
1785
1994
388
7964
9706
1058
3234
491
4175
137
9874
7217
7065
1002
8910
9658
98
8510
934
9861
9281
2099
2365
4172
2427
1361
5703
8405
1934
7775
8936
7170
2100
4854
3927
2069
8421
2564
242
4494
5283
3452
3097
2491
9459
4262
6595
3519
5917
273
745
9523
6600
5380
1865
391
9432
8924
6889
1814
2691
5591
4874
9730
9923
2466
1301
5498
6337
6731
3114
3587
1395
2958
5992
3298
101
5799
1637
4698
9685
7844
4270
1102
8710
7945
9689
5375
8373
2561
2199
1628
6432
6249
1109
9522
8609
5773
6568
5486
8763
9421
516
6578
1598
9009
4212
7540
5038
9670
4093
4953
5630
5732
8653
4653
8231
6420
6752
6587
5655
4037
2115
570
4415
1485
3977
565
7802
4448
675
84
9385
6451
8917
6778
378
5473
5630
3718
9570
2469
659
6014
9292
9444
2450
8076
2423
1258
5448
7257
3964
8133
7694
2408
7895
675
3449
4034
8428
3203
6491
7589
8458
8910
4756
4759
2311
5242
4516
2309
5215
7953
1107
6761
1892
3056
9291
1973
5481
9857
2414
9490
7574
1942
6564
9243
6429
1294
2529
3262
5717
1563
1205
3398
1995
6695
2729
7401
1317
8159
2996
6260
5240
8418
8972
9290
3606
7726
7621
1793
8054
4835
7480
5497
4122
6730
9193
822
8238
7817
5646
3619
8809
3932
1266
2965
4218
8307
9272
8448
7088
4109
8015
2740
5598
8417
5773
958
9052
7516
4739
6701
4849
2346
6702
9691
5188
3484
2908
1638
7112
4308
472
9938
5822
6422
8275
9071
432
8943
467
1990
4545
707
159
6971
6829
5006
6418
1529
2671
4684
6738
4576
4709
587
4050
7003
2681
119
1730
9451
6514
353
3390
1819
1758
3405
3416
1111
710
4026
5810
607
8356
6189
5311
2779
6368
2852
1529
4782
8512
3820
3016
9051
9317
5218
1480
9241
8566
5168
4606
406
6376
5146
9474
2412
6867
1095
8432
9333
4620
2497
6322
5966
3534
7183
1289
474
7310
6092
5429
460
3888
7288
9805
9512
8169
9320
9477
2624
7683
5082
686
6696
6089
6089
1077
1891
3832
4797
9524
1827
8766
1785
5460
5946
4296
6071
9927
164
5995
5479
5859
1992
110
346
2441
8458
5224
8770
8420
5616
629
7434
3841
7615
219
8816
3210
3441
8660
740
1723
3931
8451
8120
1306
29
3049
2363
6510
3609
240
8475
2990
4080
4683
5196
2354
4054
8360
2048
8481
2544
1285
9466
3789
8210
6685
105
8961
8533
3621
9754
4786
540
9844
7999
6
2820
7798
390
2019
2746
12
895
7750
7029
534
8926
1942
2527
8652
5390
3069
8066
4642
8787
7294
6885
8069
7330
3317
3200
853
7046
3395
2634
1804
7907
1164
4662
633
3265
684
2904
4527
9443
6716
5484
274
4584
3642
1964
5459
6147
3917
6403
8485
6912
2273
5712
4877
3074
4278
896
2734
6653
4695
9892
5770
2026
5158
1102
4375
335
8378
9225
1259
2700
2964
942
8338
7129
2755
7171
7938
113
3523
9377
6524
3349
6579
660
6036
4071
7270
9281
4613
3509
4937
9738
6199
788
2091
38
5962
2049
7347
1078
9791
2313
7645
8048
693
5726
7009
6760
7057
150
4058
3583
9511
6826
6210
9099
323
7907
686
640
6661
1408
149
1068
6290
9731
7012
1311
7809
6339
783
6030
4844
5821
5751
6014
8476
9525
4383
2847
2655
4576
9862
6173
6861
1961
9962
5389
2381
2826
2494
7181
9048
3165
675
8565
4281
1391
1085
7744
1535
620
1304
1826
80
5967
7172
61
456
4822
3966
5694
1619
7061
1222
596
5089
2501
2408
5143
7987
38
7594
966
6291
3463
4548
6893
9239
1128
1582
169
7781
5957
799
9658
1063
9984
2676
8981
151
9435
3258
4281
3937
6806
4542
1097
845
8560
2518
50
3241
9759
954
953
9255
9738
4286
6484
3249
4869
6244
3300
6400
9366
5754
3342
153
6500
5830
2867
1147
3625
8639
9488
405
5399
1931
7853
5818
8522
8497
4183
866
5119
1234
8202
2345
6729
521
543
7488
4578
4844
269
1552
6470
9824
1634
845
796
5230
4455
5149
9123
4739
2978
2972
73
4021
2435
2216
5449
6387
7325
7620
6542
9783
995
7343
79
3538
7007
8961
2582
37
6802
5863
2532
5385
1257
2007
8881
5634
1435
2013
5327
8033
299
8820
4919
4562
5563
7867
242
506
2556
8539
5466
5668
1332
4644
1099
9202
1400
1953
8025
6272
7711
2770
3295
2504
3759
2119
915
8821
4829
5346
3170
7233
4996
6597
7692
270
5955
3093
267
5036
9257
6458
9723
5775
7892
158
2379
9163
8401
175
1395
6206
6498
7144
3512
1385
8538
7126
4914
9830
2266
7012
6771
9632
9744
8200
5441
3498
4565
4620
89
2746
7707
2482
1013
94
6789
7573
5519
1441
5580
4851
2467
9409
6064
5946
9015
3798
4623
6857
9986
7302
1856
6212
2140
5105
4797
381
3101
4213
283
8821
5707
105
8993
3119
5124
9728
7083
9652
814
1396
9550
6527
8948
4159
9189
7387
9184
1528
2979
2256
8102
3407
3913
8186
7953
320
9706
9607
7096
5202
6173
1882
8687
7092
6683
6383
3960
9063
5842
8271
5674
9958
8069
3889
4275
2731
3113
9473
6611
771
9041
5387
7546
1734
3633
5754
9377
1814
5889
4847
8228
2400
911
7804
5358
8165
2877
9911
1736
8181
7903
9988
2977
9325
4666
6520
5086
4789
693
9476
8291
5877
1873
2511
6232
5176
2467
6300
1806
7396
8841
3867
8147
5161
7772
2983
4612
5860
7193
1374
6051
2487
1864
8313
4291
290
1258
3942
3768
3881
5983
16
4566
678
9959
864
5177
8191
228
4984
8807
3524
8695
8644
6908
3236
4283
2521
4027
9087
2424
1091
5205
8241
5688
9572
5893
1953
7938
844
6724
6685
4822
6548
282
3735
3436
130
8032
8809
390
7511
3724
2979
8492
7505
7912
215
8120
4313
1454
6902
4611
8783
8101
5170
7505
723
9062
2315
723
7894
3740
497
266
3991
9715
3881
9420
5896
3475
6685
2836
6550
779
4901
7529
6026
3080
6741
7979
4862
6828
4986
229
836
3155
6100
9298
5688
382
4821
7958
3700
1681
8318
448
346
1157
1105
3169
1464
5729
5034
3310
557
9247
1803
8956
8250
8438
190
2288
4752
4528
6608
3256
1226
5559
9043
2538
6074
9690
955
7845
4986
9483
4068
9525
5034
574
1831
3064
2386
5074
7707
707
970
7452
7202
7657
939
6781
484
9977
2877
4875
6602
1004
9363
1039
7015
197
4503
9199
667
6461
4933
5227
8938
1913
6152
2704
9825
3477
7487
2396
2289
5865
7466
7118
9312
9182
7995
7898
1436
3115
4256
6974
1578
5808
4227
1848
8934
2177
6930
906
5312
1382
8554
9587
6921
5540
1774
4779
7548
1900
1407
6989
8738
8257
600
7505
3560
4079
7622
6436
3473
7314
8004
8825
8718
3468
8863
2038
2579
8788
5030
175
8845
7070
5735
3590
5127
253
3129
1904
2027
4970
9887
3133
332
9883
5375
8231
2793
6323
8479
4448
9550
7697
8804
3651
656
2283
5645
9588
7227
898
2495
1395
4772
8872
3649
7520
3838
6623
7969
3250
9570
6564
1595
9526
9020
5511
8378
9285
3588
8524
2892
4801
4043
5882
4872
8241
6936
572
7289
2907
6621
8767
1799
4718
3285
7769
4513
1379
2654
5204
7655
1260
8835
4652
5356
3298
4139
9186
7569
547
6008
2629
9517
5549
5157
4729
8642
6326
8867
8917
9950
6167
9344
4549
3124
739
2803
9801
4846
9411
4228
1390
1520
8538
7641
6317
1482
9478
9801
3505
4091
4310
7725
9386
1520
6085
1639
1343
2926
4506
5349
5494
4076
574
8271
9415
2104
4656
7153
9217
4285
3640
8153
7630
1107
6031
8478
7612
7564
1859
9453
9012
643
6328
7505
4743
9710
5321
3017
9698
6570
9892
178
2339
3847
1013
3358
1706
4890
6242
4629
3841
6657
7056
4820
2262
8656
312
2314
5700
6319
3473
328
2781
7432
7948
2003
7815
6652
7002
563
2372
9333
3323
4707
2809
8603
2541
6362
2930
2420
2914
9577
3606
5913
6307
9840
2520
6490
238
2912
7662
1165
8702
830
5404
3928
6567
9807
5542
5458
5271
6888
8500
6595
2975
8879
9031
1177
4856
7912
1741
8935
7865
5981
4810
6982
2563
9485
1397
4836
3656
8610
8069
8377
3995
3811
1016
3588
7011
8292
1244
9753
9120
5050
4057
8168
9027
7047
8432
6979
6328
3090
8791
9439
2181
483
7196
2279
3037
6957
943
9191
6017
2114
9565
1385
3987
7642
5549
9931
6588
1868
3014
1774
8142
1054
2989
205
6265
7524
8247
5027
3655
7201
1336
5765
7062
5894
7544
2244
2705
4861
399
9311
9723
5305
4675
1675
4630
2290
2096
9277
489
6710
1600
2832
6810
9132
9735
9253
1541
7127
1425
3378
8360
9857
849
7375
4507
8045
1843
979
8760
3219
6504
6892
1315
8133
1782
6811
8030
5982
684
8975
8395
8461
9115
3522
5235
9346
141
3024
7074
5861
2934
4156
3478
2668
2339
4479
9257
7200
552
6592
2732
4077
417
9449
9862
6555
6935
6065
5960
6817
7666
5715
4297
4968
8609
3936
1094
5525
8079
7978
2034
85
3228
8650
7009
4709
712
6632
556
7624
8371
4558
7808
7708
1637
9101
8083
8871
2105
1430
3030
7100
2665
2102
8209
1355
9725
92
5905
1184
671
3240
1910
3032
613
9845
2010
7598
2699
1642
6331
5240
9664
7933
5532
6617
5327
8517
4722
8509
515
8692
5273
5441
2055
1970
7512
4825
9545
5157
5014
6238
3455
700
8435
4771
1547
5223
1552
2997
9086
9537
2923
7579
830
3996
276
5666
6621
5099
1822
1380
4457
4803
918
8095
8499
5220
6126
276
4813
7143
5780
3239
2491
1309
9742
305
1438
1667
2802
2883
569
4527
30
7858
710
1638
3245
5510
3729
1933
4198
1262
3477
1039
3037
2526
5272
1253
6324
8912
7015
1919
4537
8727
5459
7404
6217
3790
3062
4907
2990
347
4610
333
2999
288
669
6987
3953
9493
8360
5644
9292
1926
8522
5374
2890
986
6109
9488
9174
2712
8929
466
3419
626
8346
1162
791
5088
6489
6084
2634
5228
7338
1132
5367
5959
8160
5596
7749
6463
1474
5941
4906
5054
866
2639
3435
1113
4194
2232
2486
8170
7049
3681
958
9101
8658
6769
1371
985
4685
1408
5842
9191
1848
4596
3073
4776
3180
9410
280
1618
5883
5336
2272
4696
4705
5226
2325
2000
5171
991
4507
2067
442
479
1418
359
277
9448
6051
8391
9696
3983
3415
1200
6280
6768
5031
7339
2140
470
6834
3033
5487
2860
1014
492
4344
2500
8256
3566
292
1623
5510
6626
1459
6553
2569
1511
7618
109
1646
8105
3971
2354
3293
3248
6100
8921
4806
8912
8189
1082
1656
1315
1978
6247
4471
2186
164
2508
987
7317
6384
1396
4302
5658
4762
5911
3085
6841
2562
811
2569
5578
1215
9545
7750
3340
4235
7039
1261
1580
9783
4492
4180
3365
9188
152
378
89
1938
7824
5883
4697
958
9195
5788
8178
4119
271
4588
1493
5228
5519
8620
7834
6459
7622
8979
7761
8764
4632
397
4605
2652
4684
3664
9527
1507
828
9337
8885
853
6228
3022
5925
2455
1043
428
4721
6658
5198
9750
426
2874
15
2436
9854
6631
3252
9372
1661
7514
6285
569
1607
8938
2073
5708
5565
1112
5208
4993
8489
2489
6590
5359
7762
3391
5865
5565
6580
6939
9736
2220
8945
6714
8409
6982
558
4633
5785
6319
1977
9506
9472
3670
3046
114
3835
3272
9460
2897
9076
6057
5570
1614
280
3455
103
9800
4991
2657
7268
9922
4759
800
4434
4123
6494
3180
36
4896
3573
4614
5597
4378
4627
5859
9660
9096
7983
7840
511
7095
5576
5731
4364
7822
5400
4411
7348
4522
6158
2661
7361
897
2539
8868
9144
2251
6946
6277
2460
8229
2645
2161
4221
1627
8037
7678
9725
8543
2320
1137
3354
9986
2920
732
9272
2442
8754
1925
7592
1090
1822
4818
3813
2881
4507
3543
6083
3377
2535
7900
2116
7319
5567
6630
9144
369
4752
8125
5066
8415
3987
83
8654
8015
8734
1121
2518
2210
855
9417
1390
956
8492
632
2423
2977
6135
5519
8275
4564
2762
5499
1063
7444
7645
4719
7091
3428
6890
7616
1521
305
7023
2577
5097
7348
4870
5542
8032
1941
4615
3805
1297
9468
2542
2343
1104
9539
267
4057
5718
8026
4729
2806
4391
9874
2164
3685
9705
4746
5687
3394
8885
1402
5454
5559
3144
4877
5710
5475
6670
6771
3339
3078
4893
6745
9846
4103
5368
5273
9583
6631
9098
9256
432
3827
2315
1425
3811
8837
9279
9378
4929
6667
612
8025
5226
7393
9747
8356
773
1378
2644
3919
6487
3169
3658
5644
1317
8805
6772
7250
9731
7591
9291
5700
2617
1522
6885
5977
8260
498
2505
1929
3104
1826
27
6025
8725
7585
3675
3165
5879
9898
6167
1250
1250
579
6107
4891
8323
4804
1027
8859
6368
1049
5603
979
2707
8272
4466
7348
834
110
2934
3378
6629
4261
2050
9023
1452
5969
2714
2487
3824
8114
5492
217
6494
3740
200
1616
8448
3826
4224
2403
7077
8661
8584
7788
2096
3284
2882
399
5809
6244
3133
1338
6353
7919
2731
471
7128
661
4538
690
8874
8845
9546
966
8505
5036
4403
6057
2312
248
4455
4002
2353
9108
631
1655
1277
9950
3360
3260
8351
4296
68
5072
1898
9532
2313
6670
2282
8050
8414
5999
1077
3540
8605
6491
8868
1696
6096
9488
6369
8185
9043
585
3584
6631
5904
7003
5538
3763
7150
8749
9506
9850
2294
1047
2067
9808
5595
6108
1116
7400
7042
4887
8855
3897
480
7857
9386
6580
556
7126
4370
1022
1255
8824
47
9831
153
4273
135
8040
2050
1320
3103
2993
9376
9403
2172
2356
2831
7055
1526
2483
4690
6606
8651
8785
8958
7376
7829
5443
242
9246
2386
3926
3602
5765
4254
8015
2747
5960
5775
7320
5078
2031
5908
609
6745
9593
9285
7615
7705
6308
1794
1815
2296
9533
6168
5427
2279
3785
2657
3231
4045
4672
5836
3543
5732
4516
6460
8160
6112
8766
9225
9203
9029
396
7504
9962
5583
3690
4384
5891
8694
8547
392
6650
3181
8634
3145
6220
1079
5623
1379
9844
9396
2699
6771
6004
1363
4620
1411
2564
6225
7918
8733
4544
8092
808
2900
8554
8727
4762
9729
7021
2858
9819
5549
1019
9875
1594
9338
2058
1250
1864
8201
3708
8973
8670
5138
576
1044
5703
7119
8885
585
2484
1971
7901
886
8299
9455
3987
2914
8877
134
5059
6517
8296
389
1204
1254
4580
8944
997
6553
3833
4928
7405
2651
185
6853
4400
8473
804
3497
6653
4752
4331
5966
6533
6250
157
1855
3532
8977
3761
9533
7570
3559
9848
6609
4818
7069
4450
7456
7850
8433
8155
2960
56
8436
5590
7817
8048
229
9743
6604
6450
3018
9649
2166
5448
2423
179
2467
2166
7052
5267
3410
4689
1689
7857
958
4995
6426
2544
1922
8819
8351
8427
409
878
8025
3133
7779
8484
5232
7939
2888
8795
1600
1904
9833
1968
1526
4627
9150
7306
2487
5310
5989
5950
6676
5800
5234
1074
3620
5274
1453
1231
472
3853
841
7325
3761
1091
8548
6824
1188
3099
5040
4833
45
4805
5607
5946
2640
5415
7715
2520
4201
8601
4875
4276
2145
8034
9922
3967
3410
3375
4801
9099
6741
3016
7626
9754
9159
7144
8400
1976
7840
9454
4548
4678
5489
509
7091
6225
789
5956
7275
1526
8518
7497
9506
5395
4172
2421
9165
5607
8694
8905
4383
5775
9733
3184
6814
7393
8049
7199
8489
5478
7879
8169
9311
2720
7244
3738
1920
6338
7429
1115
2550
8486
9098
6685
3460
716
8943
2654
5788
3105
8664
9657
1506
7406
8991
2075
3606
3393
532
9745
9140
9138
3788
8151
2292
4419
9535
3947
4229
8812
6024
227
8129
1102
3169
3111
7421
3565
4858
7736
4765
4372
1036
1385
2866
8665
2283
2392
7956
2719
7053
5850
7571
7311
4591
4354
8328
3615
7448
5736
7900
8726
3110
4550
6332
629
263
980
5947
7045
8034
3772
1827
6772
4186
2309
8833
6241
5221
1766
2910
1777
6348
8678
4256
9662
6751
130
5291
6117
314
1304
395
1492
5331
8034
6473
5299
2576
7012
3625
125
3022
7674
8466
889
6873
8446
3514
4605
9992
5575
4720
3413
5239
6354
1046
3806
403
6061
4766
377
5575
1941
622
8713
9055
3705
4987
2345
6917
2700
2013
9360
3722
2420
3921
2694
6380
253
3455
8629
8952
3604
7378
5215
1217
3312
9248
9551
1709
3682
9241
9208
6593
433
9230
4241
1619
2982
1322
6876
2477
2975
1953
1526
5304
3788
1220
3609
7328
614
125
8429
5769
1658
9525
5312
699
6543
4534
8556
5344
3881
9593
6999
3075
8852
418
4665
2060
9319
1327
981
3271
3681
553
4788
3590
4545
4493
8278
4828
9916
703
1964
1795
8772
7983
1382
4105
7755
1877
2387
4805
9562
8147
243
9743
1378
7052
2214
3896
7724
7539
5212
3809
3704
8615
7130
3924
1701
9725
8056
3824
2672
4753
7720
6733
9996
9181
6103
2671
3326
7450
9252
4119
3176
3578
1988
4849
1934
5653
7399
6984
124
7366
9800
7686
3842
9151
9624
8911
4217
8823
624
2714
2529
2890
9740
6186
6870
6505
6470
1896
9111
9598
1120
3820
9659
3592
6417
383
3487
1284
3959
3964
495
4927
3926
3132
7078
2078
608
6281
3601
6959
9352
207
6270
9681
2019
7303
4647
1556
6605
4614
9633
3434
9821
4531
6970
9598
344
1346
9386
32
9285
26
936
6573
8592
8139
7059
3286
8078
5409
3612
7951
4499
3380
3522
4647
7669
9237
4573
3923
7063
6921
722
25
3232
9237
608
6497
9262
8780
6522
9737
564
6964
4330
7176
4278
5516
2166
6611
5612
9824
3652
7068
4358
7459
63
2234
2567
3060
6878
1487
4165
7021
3745
3496
455
4600
1179
6470
1659
9896
7608
8442
4534
3932
3250
7673
3614
7313
8203
4564
4393
9740
3343
7501
3987
1465
7349
7422
4715
3417
8514
3643
2838
5770
4140
4896
9470
1400
2796
6616
6285
828
9775
8393
6517
4234
2286
9867
8462
3372
2440
2122
660
8641
301
3382
2731
2349
5142
9738
8958
6863
9107
8640
6072
8866
3691
4622
2689
8278
9738
5647
8737
6886
6275
8113
2022
7512
3375
9101
8454
1964
3408
7831
6747
4798
6187
2084
4182
8360
5541
7888
6594
8255
5484
2553
3413
7355
3811
5076
8028
9890
6057
3976
1524
2164
2707
5072
5428
4221
5486
3607
3495
5228
132
4033
6526
4422
6087
3381
5137
806
7119
366
1753
9689
213
2498
6330
8208
4281
8705
3867
2718
8031
2486
2833
2506
8932
1899
5084
4922
7291
6112
2044
8543
6279
4272
5537
6600
7137
3077
1292
1933
8498
1868
9414
5088
3956
8794
5669
1576
2977
5371
5519
6142
6612
7154
5116
2205
2018
5323
7398
2060
2827
860
6874
6567
1976
5084
3760
290
2270
5089
729
9586
621
955
6521
4185
5854
9765
2526
8549
9399
5492
1665
9631
8835
5444
647
2781
965
2227
9465
8660
9775
5204
3979
434
7906
9309
4980
6058
8737
7805
6204
6993
5424
8380
4460
570
4220
7867
2730
1983
1222
4239
9374
8240
9460
4232
1108
2955
7887
1325
1823
1655
302
3360
7982
6051
9210
3153
4786
683
2549
6661
1735
8965
7989
7633
9099
2257
6738
377
1370
8005
7239
5098
5404
4550
1171
9322
3230
4940
4322
2361
2259
6258
7713
7759
3440
8902
6438
7670
2088
1535
9968
7434
7156
2673
1549
9631
8004
6380
4580
5952
191
7226
1025
7223
991
8674
765
5672
8541
4556
2472
5442
7786
7661
9386
6207
8418
7510
8103
2507
4133
7010
476
3776
936
8037
9693
4977
4382
4448
3771
8727
3611
3143
1560
4962
1991
7129
8642
3230
1470
5283
625
9667
6510
3416
266
7737
3356
9985
8758
7950
7408
9388
8297
1861
3637
1540
8905
3632
5336
624
1377
3137
2339
3760
2308
775
8210
8766
41
8351
2301
1909
534
5225
9653
7352
4788
2181
2318
190
6976
3300
7028
3104
5709
2355
9918
4856
6581
9468
8712
2575
6057
1156
4232
2410
6112
264
8169
2831
3358
1001
7764
8571
1789
1072
877
4101
4245
4917
9565
4761
2793
6555
896
3499
3394
5472
6099
8185
3909
3514
5268
857
8507
7926
2473
7236
678
4328
1509
2977
6232
3133
7481
5412
5585
3311
6810
4598
7532
4725
1221
6334
4833
2757
7317
9983
2079
4488
3251
5689
1814
8218
8477
508
7286
4581
2881
1627
2794
3836
972
4207
9957
494
1373
2339
6111
9292
610
7361
6051
8038
8249
9966
6925
2122
3289
7677
5273
5277
8100
9479
868
7333
3741
3342
2767
9734
589
3098
1045
3352
3086
9437
5423
3577
7830
9276
7473
1705
6339
4383
8786
9865
6913
5979
3620
3333
289
2478
4768
3477
1349
1039
7841
13
9553
6538
9106
7117
4303
2180
7679
6775
3516
2712
1180
1579
5039
6392
7569
4153
2608
6359
4666
8329
8173
421
5191
3547
1531
1308
4853
2201
3584
2721
8932
9115
4571
9140
5551
1100
9384
9419
7896
8218
6707
5135
3825
783
4615
7867
6482
9542
632
3987
6829
4815
8203
7028
3134
4931
9096
8720
9269
3976
4527
8157
6868
9171
6147
9398
6483
6641
9156
8701
6337
7097
4490
8590
5727
407
7420
6336
7378
4563
2114
3400
8125
8907
9565
2224
6369
8839
5739
2423
5759
985
879
2803
3910
215
7664
6237
6795
2354
9563
2171
4652
8462
6971
5953
8259
8747
2938
2441
2674
1526
8660
6700
9821
2076
1323
6534
5986
7787
1889
2334
2937
3020
4059
1115
9839
6264
8978
8555
1508
3055
5190
6523
718
908
3081
7023
6123
2540
4186
1694
1104
2937
1955
5555
2984
1813
6109
322
7324
7651
8200
6275
6110
8470
6014
998
3993
97
2146
8394
9175
2303
5911
1157
1210
8333
6568
5316
2016
3066
7994
1944
9194
1407
3048
3043
9393
2805
2423
3543
5047
6674
7585
8795
9899
7347
5344
9679
9766
200
300
7109
4299
6513
2692
9815
2183
4701
9479
3779
6210
9075
4247
2817
2922
8668
2006
4639
1244
854
9242
2564
9393
6517
8087
6108
1608
7468
9027
7818
5931
9441
6666
6840
3597
7104
8357
2182
4078
333
5297
8095
7397
8543
9655
2636
4066
3579
9259
9057
467
795
2145
1991
1025
53
6907
1445
2050
2982
5237
3471
6263
659
8739
9173
2025
5133
6440
4326
7307
1191
5386
8612
9344
5061
3493
4219
1586
5689
7552
6307
7578
2941
5150
2
8362
9226
2242
8036
82
1205
5062
8430
7034
611
3440
3855
6308
2141
7226
6902
9432
7326
2244
8502
6525
2050
830
2650
1644
1474
227
6185
3828
1922
6595
2172
5240
6149
7023
3468
2392
9051
4866
2352
9325
5664
5340
5405
4182
6941
9669
3636
8465
4393
102
8904
8946
9240
1814
8384
1910
3313
474
8106
4022
3633
2727
9180
4570
981
8726
5126
6243
2106
4545
5536
7988
4034
9591
9673
6077
1646
1119
6907
9635
1661
9946
5565
6484
1868
4502
6649
4019
1158
2468
6901
3574
871
1209
6169
8280
2467
4242
3139
5804
2254
5719
287
6978
5639
8023
2140
3736
1040
81
144
1198
2146
3630
4666
5519
3868
1665
5724
1186
825
9806
6246
4911
673
3388
7079
1108
1983
695
1767
870
5615
8963
7146
8435
4692
8471
5273
6841
9576
5984
4005
3275
555
7909
3744
1044
8910
834
568
9779
9515
1556
8199
3887
1040
6256
8341
3421
5419
4441
4265
5553
7167
919
2868
6399
8516
3253
8051
4260
6466
6551
6369
6629
1527
1857
4475
2634
8564
8845
7373
3623
100
368
5151
5270
213
1699
2871
8793
1127
5830
9665
6254
236
2978
7110
6090
2922
8798
3150
395
1163
4113
2890
8610
9044
8234
5600
2259
7639
93
600
329
8511
6718
2952
798
4178
4839
6550
4514
2799
6596
376
1976
3251
4340
1847
6223
3047
4788
8439
9080
4434
4757
2748
5163
7652
6351
1542
5004
9890
5183
3219
7809
5821
365
7064
9145
9830
4379
9328
8734
1493
7470
9701
2749
9584
6752
1554
5168
3968
16
8909
5112
3109
6115
4150
5341
8227
7079
720
8285
9641
3696
9309
1178
6634
7909
8388
6946
2923
9576
4492
1362
4377
6556
9712
99
8866
7719
7430
4605
7569
6093
6226
5372
3656
9473
709
4683
4256
546
7814
9232
4227
510
7936
3049
1610
7333
4643
4645
1398
2070
6887
2590
9896
9331
6953
4963
7208
8506
8846
9304
7417
832
6381
3348
2218
6340
7291
1414
6066
9220
7341
518
6084
7843
2103
2742
2499
2232
1876
2171
8106
9200
7573
8189
7953
7168
321
3418
904
5947
1631
4881
1234
6538
7084
819
289
5994
4312
4736
3281
5285
1481
3045
3749
2869
3277
3180
26
9669
723
4229
1817
570
7048
926
186
340
5286
2519
6782
7829
1509
9594
3035
2919
8402
5280
5912
8091
775
5427
110
3938
765
5922
3920
2454
6864
9594
3664
2168
2730
6864
4632
6851
5898
8
3871
4979
2592
3641
7177
4150
9258
9539
4131
863
5497
5044
4386
6201
3345
8013
6071
1163
8203
3866
6035
6045
9908
380
8229
2617
9555
9223
8109
2805
5477
8944
1263
5885
4131
6023
7056
8946
507
8187
7379
9732
6967
2311
1276
990
4777
7280
8355
8724
8088
7313
647
8944
5512
4299
9033
3440
9246
4650
810
4426
6187
7789
9604
672
3859
4942
8290
1301
1220
3776
6594
3937
1809
401
2096
5177
8586
9441
5421
4475
5010
8149
5310
1288
8787
1573
2995
8284
2528
952
4692
3873
8333
5489
8754
6750
5558
3103
7544
4124
7051
344
1495
6152
5766
8345
1120
6722
4009
6979
4770
6781
3225
4845
5447
694
923
8415
6489
2589
6592
5172
4094
3891
4903
7293
7575
1556
4896
5578
2516
85
4589
8633
9296
5241
2990
8320
6752
1864
1505
4204
8574
6114
1386
6056
4655
9581
9634
2111
1409
7583
3929
3754
2862
6011
5987
4190
2417
6359
225
3627
2682
8759
5137
9439
2159
1038
972
5820
6546
74
2227
204
295
211
3714
4401
4469
8202
6763
4361
6236
6666
9469
6777
6821
1020
1693
6046
9486
3148
6372
8805
2788
2738
8222
7633
7570
8151
827
565
3168
8394
4872
9250
6664
7745
9640
9553
3436
3673
1113
8694
6648
355
6204
4685
2036
2610
5908
1988
4787
4981
6528
104
905
6572
2293
9322
4452
4634
5970
1874
6213
8619
8669
7383
2952
8951
2822
173
9664
8102
1610
8136
9573
4951
3580
527
8422
6397
8116
8608
5039
3414
4990
6895
9757
8538
4744
9044
8781
6461
8600
3334
8636
8940
6580
4250
6443
1061
573
4421
8959
5545
7977
1225
4513
9214
1697
4898
775
1124
133
5828
2187
5697
2757
1609
8889
7342
7290
630
8364
4660
5047
4129
220
7663
1931
2973
8882
9490
653
1620
8709
6054
5203
7677
1829
99
7902
5414
9547
7334
7801
6256
6051
9889
6061
5792
2974
7025
7790
559
2498
2688
6372
1962
6267
5910
7503
952
4528
434
5261
2678
1990
8615
9606
7550
5653
5497
9633
5385
9408
2
7969
2892
3733
9150
7838
6393
8214
826
5363
7538
5774
8799
4648
6347
7993
7692
9370
3423
8440
3650
6604
6906
1477
3205
6946
2566
727
4664
8318
5170
8319
4936
553
7986
2989
5497
1781
110
8534
7658
9775
6960
9681
4404
4453
7089
8185
4240
5887
9524
3260
6822
1239
3989
1975
67
7840
3421
444
402
8534
6677
5818
403
3446
499
2078
7693
8011
3141
8509
3511
1304
8594
6857
8908
4514
9915
3549
1974
2886
3185
2825
6486
7200
2685
1173
9633
8172
6167
5463
4323
61
5155
9075
2951
7457
8689
1508
719
4133
8900
2919
2007
3214
273
7258
7723
3843
893
6974
5340
9616
916
5766
8470
7032
683
3046
7584
9487
5062
5076
9421
9484
8280
6726
181
7122
5804
2882
8423
4715
8347
51
4501
8596
8338
3771
9285
4458
1318
7407
4807
1640
6775
3040
2581
7986
137
9047
3536
7295
3348
7248
7389
123
3546
9069
386
7956
5055
3954
6221
8913
3593
2821
7755
2615
4948
4592
3286
5488
3026
1729
2463
5419
112
1594
8639
2107
6856
3414
7179
4975
8462
7622
2801
4107
7125
6491
2052
7888
4897
1750
9630
884
1326
2138
4876
4356
981
6050
228
9510
476
4809
5769
5580
3148
8461
8067
9744
6483
5066
7399
4012
2520
1406
1678
8223
890
4008
5925
7259
1002
7853
3593
7888
6891
6370
1835
7309
7019
404
9665
3178
9931
6439
1409
3977
6572
1814
7071
1920
1723
3108
3451
7610
1325
4227
9248
3047
7374
7577
3112
2833
7366
7060
7037
4457
5641
7976
1840
8476
736
6864
3497
656
5414
9821
4050
212
8187
103
8612
3746
7811
5057
5602
6614
7056
6059
588
5465
8222
4711
2389
9443
7469
8954
2641
5634
3411
5835
3041
7724
3064
9233
5213
9500
1378
4859
6407
4130
4993
2947
1782
9986
5841
3129
3653
2305
4376
7850
8708
7723
2021
2600
7671
175
7079
9713
1850
9160
5164
2925
4751
8312
1683
8278
8400
2372
4
765
2125
241
6409
5005
4754
353
3292
3792
4963
6103
8823
5341
1890
6623
7952
5804
9658
6463
4674
2024
2404
9372
3597
4206
4438
1476
2962
7216
219
4691
8641
833
3158
6196
1911
8574
7308
8805
1005
4376
3015
9174
4801
3440
7455
4403
4900
5371
3369
7779
217
7583
7436
5873
9441
8478
3134
2662
1265
4776
8429
4101
4849
7374
658
6783
3799
1374
2958
1846
8457
6949
9608
1791
3775
7848
1736
6254
3786
5086
4063
9517
6633
1145
884
7007
2857
5085
6122
6356
8958
4116
4024
6826
1058
238
2555
5848
7441
1294
3110
6180
6780
3984
9972
8050
2243
2743
1047
1911
6916
1939
4770
6537
5624
8779
1297
3543
8883
1225
2701
9543
2846
2666
6129
7524
7714
6568
8702
9609
2808
3664
6360
8489
7399
5312
8144
6088
8159
6647
3879
2880
4571
5878
6831
6433
4884
1657
2897
8671
1413
9717
9566
5310
9997
3235
963
8320
5813
4369
1594
7437
607
4731
3643
3672
42
7938
3214
5268
9858
8619
2658
9428
25
8304
8887
5543
8764
6289
3568
1494
6539
7318
8256
321
3891
4427
7470
2846
3978
3280
6719
5323
8476
4721
2804
5490
1063
239
3357
2031
9420
1687
4702
859
1115
7635
5779
3835
1400
7147
913
2484
9483
5903
6296
2290
2472
2060
5544
4666
9494
2943
1480
4327
6850
7663
1619
2850
3374
4799
6784
3959
110
107
1433
7994
2796
3762
2619
4539
7806
2823
4923
338
2006
729
324
384
714
8213
5279
5386
1838
7460
5910
4858
9310
835
5940
8
7634
6959
4778
6972
6003
4131
9484
5325
4241
9414
39
7526
8998
6943
4247
1795
7695
6446
7215
2211
8719
5781
6191
5802
3328
1541
2576
7794
6429
2654
9000
3958
6699
3697
275
634
3272
4208
5658
9548
4466
7841
1799
7063
9329
1937
2504
8414
8754
2254
211
5131
6580
2019
3496
2564
4463
2458
6650
2518
6362
738
2309
3225
1697
7696
4368
9776
1131
4320
8238
1487
4121
1113
5196
5581
5799
7695
7233
8587
7532
1278
918
6803
5796
8744
1428
9181
8206
7834
3395
6784
1076
9424
8476
3752
3553
6923
6714
1773
3094
3176
8771
5152
5247
6642
4837
1211
2673
3624
5510
5131
74
5054
733
97
7670
9173
5819
8492
9293
1433
5395
5841
5356
6372
6776
4090
1801
2765
5830
6435
1196
3062
9724
5292
3396
6176
3220
7686
4727
8350
6796
1142
75
9498
9978
5102
731
1495
8233
4671
418
8625
2224
2921
8395
4216
5975
9703
253
6188
4689
4098
8860
1412
4701
3694
9112
7479
7219
4290
8016
3426
7343
5110
6926
9142
5432
1977
8755
7738
4772
5388
7371
6443
5086
3044
6524
7702
7437
7602
864
9605
1711
7438
2232
8760
351
4024
5742
1058
9343
4565
481
2940
569
44
9096
2386
4454
4430
213
7965
1365
2440
2047
1126
8820
140
2825
2510
8571
6809
4392
1806
5012
5493
2045
3925
5908
9725
2814
847
4210
9643
1039
6764
6651
6476
1216
8969
3897
2535
1034
5812
4441
158
1987
3363
2426
5902
6979
6737
9160
1165
1139
3567
9878
5982
7485
9551
9781
9850
7572
6797
2346
3879
6207
1115
4240
6383
5574
6309
1697
6205
2771
8525
9293
5627
3628
789
2015
4879
1678
8163
94
4747
5047
6237
7119
1424
4355
648
1895
9867
2939
6317
1407
7360
8544
4493
9806
7377
4173
3575
6469
3910
6669
3493
5932
5756
4481
1380
525
1440
8892
7805
4619
3213
3246
1522
4801
144
5809
5779
1693
4713
5039
560
3805
6065
9414
9699
4744
9050
322
5570
4204
5131
3193
5938
2595
5365
3090
3949
7243
6485
2728
3945
6245
469
4224
9893
5229
8402
5984
5229
5923
6292
8255
8449
5783
5134
6588
8716
3973
6261
4734
4886
5304
7455
5144
2887
8018
9757
3103
9594
3195
3990
491
4973
6416
8458
7784
8227
3926
8031
9386
6698
3012
7856
3559
7288
7255
1693
1675
2080
8407
785
7307
5229
4330
4100
3052
1384
5895
7109
1056
6612
9132
6723
817
4330
8830
132
8881
4315
9161
5733
2073
4751
4951
938
5308
8738
3840
3512
6695
3779
5598
7208
3763
3675
592
2077
8791
9916
5354
700
505
630
8013
7992
1654
7406
2697
8691
6726
8672
2421
8824
4108
7193
8553
3563
8486
7185
949
4936
7317
161
7518
8879
5267
1837
7103
2184
6235
2839
9048
9034
9652
8992
2899
9451
1970
1588
8925
4808
3045
537
9591
3377
1099
412
1107
2983
7851
2522
6129
9536
4291
5667
5573
3402
4568
2264
1571
7057
6918
1441
3501
3213
835
7433
6610
9084
8761
2572
8415
2604
1528
3448
2999
9730
3664
7477
2288
4229
7764
3488
69
3874
8127
9004
286
2201
3219
2663
2353
6732
2981
4717
4173
1811
9958
1906
2196
4091
7661
594
9952
5937
621
4386
5034
7408
9440
1014
8628
2862
2416
6398
9073
2458
5750
545
6547
3950
7735
8288
4747
1582
7433
1636
1332
8528
2350
344
1223
597
8163
7683
4534
9764
5864
8583
9884
965
5783
5886
1639
4119
7086
116
2680
8500
6387
6712
4388
9824
2970
3966
6100
2100
2852
6069
1408
5789
3024
5648
2916
9907
4429
4889
768
8078
4593
1315
2168
4329
3106
7883
1446
5908
1920
1196
2883
6033
8887
3133
9884
6041
207
7019
3049
4858
7556
4728
2266
4162
2946
5807
4209
995
8474
1833
7694
7724
2418
1687
2921
3107
1886
8834
5
2707
689
6429
6028
4102
8691
5654
4210
6552
4337
1934
6041
3136
6562
7774
2921
7662
2372
4596
9595
4226
6425
3875
450
5760
3005
2808
9410
7087
3176
9196
6749
6587
8554
5122
8475
712
8102
4452
9253
3458
2329
7797
1036
3956
6367
8856
4732
5705
174
2867
7033
1558
1305
9897
6843
9854
1121
8833
1621
8395
8398
1774
3794
9884
4970
8370
2007
7421
1491
1913
7430
3545
3055
6486
7764
7380
1526
7155
2645
1922
9206
6716
8048
7853
8532
268
3555
7988
7187
7365
7954
8755
9645
750
6021
7628
6908
8327
6888
1842
8292
8995
6487
9281
8126
6812
8279
3388
8014
2684
5339
8708
6977
8413
5128
6385
7480
2508
2341
7454
3866
4717
265
2260
6690
9307
160
9840
2072
8001
1919
3976
8131
946
669
7612
7509
6681
4846
4227
2877
2327
5970
2057
8804
5541
3243
208
7849
1275
7338
2620
2271
8456
4022
1049
2216
8224
2244
2631
3250
7743
4505
7043
17
2718
1549
8613
207
7626
7863
2637
562
5075
3125
7868
5759
1282
9448
8693
7866
9307
3529
5762
9217
6376
5797
2222
5257
8084
5186
2661
6359
9929
3496
7653
9745
4858
1437
1742
6295
9106
1289
7918
7547
9000
1548
593
1287
8878
3776
828
5431
726
8050
9298
2973
5156
3601
1717
8147
7379
7375
7780
2059
2663
6100
4156
6388
6999
3456
1450
3466
9553
3090
1932
7703
5761
5059
8551
6620
7124
4806
1755
6714
4879
2909
6509
4896
3188
6793
7212
1699
4832
8055
6412
4222
2493
9817
2170
1446
874
4941
30
4643
860
8145
461
5923
3787
5523
6258
7709
409
720
3905
6997
6125
6931
9574
3449
9730
8730
1108
3698
1301
8735
1948
8885
5964
1417
5207
7740
6241
7460
4699
1691
1874
8263
1735
7735
9303
8419
1361
8622
3413
2697
1864
4035
3058
1600
2614
2235
7425
8521
5058
9062
9185
3232
3480
6044
530
8968
8689
2268
3376
8020
8038
4548
9713
5624
6247
5064
5285
3912
4387
5467
9983
2890
7773
6631
7279
2427
4714
4004
7920
8671
6377
8958
5849
2451
7744
8685
8661
8399
5468
8738
1840
2928
8225
3401
9821
5727
708
7392
8794
6046
8626
8083
9971
2264
9560
9755
3474
6796
1299
3943
8543
3280
8823
5678
4461
9034
726
9345
2892
160
920
9831
5039
2228
6544
1272
4224
7936
7096
2920
2127
5546
7250
6313
1165
9848
8985
8277
7770
6639
9308
2961
1111
4886
6306
6020
4802
6575
7359
2089
9755
1972
658
1989
9777
9754
3179
7973
5959
3303
5937
2661
7088
2524
354
2556
7673
9747
3606
2944
2869
750
4822
8256
9094
1088
5217
2437
6849
6008
7553
5379
8846
2493
8791
1891
5951
3376
233
9219
9787
3685
5603
6302
5805
2216
8711
5993
7036
1446
218
5707
3591
8982
507
7540
62
9162
7177
7754
5561
1769
9490
3130
5086
2632
9746
1505
925
7454
5072
3725
9220
4783
8704
442
8417
3627
2957
6713
5022
4320
5068
4504
1450
3273
5014
2011
8009
4426
2224
1267
3168
1567
1132
2899
5513
4830
642
5487
2488
2851
4693
950
1847
8681
2437
921
8432
1299
8012
4057
5232
2432
198
6031
7935
6745
8305
3343
2849
2091
2658
7532
9523
5977
2544
6972
7783
9600
1896
6085
7652
7118
9800
8965
5749
2547
2218
8080
988
1184
5924
4018
567
9535
7772
1246
4131
9246
8412
9250
1373
9823
9403
8611
2895
1096
9154
2701
4329
1015
189
6528
8567
7704
3962
7437
4190
7772
8186
5762
5754
2024
8383
3019
7636
6754
974
2904
7987
1094
9700
1911
4275
5933
7150
4355
5009
6166
8499
5653
5307
7649
2700
1422
7508
3755
7417
1100
2451
6139
2751
653
5184
4142
3147
8956
9882
7858
6704
5470
2345
5976
8176
9606
2217
6398
387
7714
2076
346
1201
531
3236
7131
9863
6392
5074
1898
1562
8793
7741
3588
3298
3123
6212
7602
7013
2529
2405
2363
2539
5008
4268
4577
4749
8620
8859
7532
6288
4215
7574
8963
8280
4097
8421
1030
5089
4947
9364
553
359
132
7339
6943
6266
2087
8820
660
1484
1000
4225
5944
4112
1656
796
3263
9194
2308
1813
7963
2961
4988
8616
2038
9310
5335
1872
6879
2860
271
976
6320
229
3794
849
563
2590
7553
7824
4714
938
7081
2739
8886
6152
8723
9206
9116
5796
7154
8581
7849
5748
3533
1775
1007
6062
4883
7699
6462
4882
1530
8877
7190
9268
2416
3927
662
536
7224
6695
2505
3468
7259
1032
7963
4177
9390
6347
8431
953
7246
7124
7235
4078
1378
3008
5385
6177
2672
6415
4364
6953
1159
4577
2215
7226
1247
4338
752
3236
1414
2353
4427
1258
6948
510
6313
4518
9095
3155
7336
934
2373
6165
8203
8744
4125
9884
7877
9536
8995
5726
5957
2182
9247
9416
3426
846
8872
2622
6642
9088
1440
7498
7475
7086
6847
6864
9427
8080
3357
5627
8881
270
2968
9582
5418
664
5217
3115
9089
665
258
8298
6634
6534
3586
3478
2606
7453
7832
5797
3838
4479
1062
2900
7804
2895
413
9577
2782
2832
5116
4477
3707
1774
7548
2321
7781
3308
4658
4929
5721
7150
7138
2090
6108
7407
4033
2170
7468
6457
1369
4615
1113
4232
8985
7694
8133
2246
2098
1151
746
9678
1739
8562
7661
5274
1705
4478
6373
7433
1460
9171
1165
6931
3944
8114
1874
7421
8155
6920
2753
4689
5651
2994
8417
7713
4940
8402
383
7399
274
9530
6114
7286
8694
4739
6339
50
8744
8022
5068
9169
7972
859
9182
272
4688
9474
3406
5169
2114
4093
8129
8343
4238
9863
9075
7945
7666
7924
3159
5087
5917
134
5179
6203
9465
9354
8604
2677
7986
5542
452
5191
9105
8108
4060
9031
5700
6210
1110
540
5339
4168
4319
6673
6407
9546
2282
5597
6181
9319
8602
6533
6353
3325
6351
5795
8451
5140
5630
5183
4450
2242
7174
4766
1685
3250
7347
4548
2201
6650
3929
8509
5905
5985
5710
372
6292
8508
3623
2629
340
7
8995
1244
8446
4411
670
4379
3538
599
2580
5263
9202
9474
3661
623
5888
9574
6752
9134
2748
213
2522
1071
6722
7905
9465
477
843
8537
9010
4632
4436
4592
419
1894
7126
3786
2983
8935
1992
5364
8446
2802
2718
1719
6951
8284
6999
3982
189
281
7880
4980
5430
8193
5576
5883
8487
7968
6802
4389
854
2294
7164
717
6355
9523
5234
3365
3323
5564
6687
7829
8362
5868
2398
4666
4976
5858
9913
3353
4629
1558
4052
8327
7944
5462
8906
8780
9228
7911
6253
4207
9355
5151
7261
488
2229
2331
2429
6590
6173
9745
8372
6560
9704
3937
3430
6318
7251
8327
2481
7136
9254
1860
4206
4481
281
6993
1813
3274
4403
4060
8502
4086
5318
6641
6282
5375
646
578
240
5172
3072
5645
2851
4278
5923
2340
5187
9071
2219
9223
6115
8831
828
7818
5843
3219
5253
634
1490
307
8696
2326
2019
7957
2353
3757
6049
5973
865
5497
7918
9094
9076
8030
2695
8748
1664
8069
4684
7022
1067
1405
2174
8500
3541
11
2373
8411
286
3802
4798
9205
7348
6009
4979
5861
7015
9458
7444
3357
4856
8611
274
7164
1883
5667
8907
3363
4649
6713
2798
4911
3810
171
5709
6885
1408
7159
8536
9527
8076
8537
6853
9027
4877
139
1313
7579
6456
9648
1367
4094
1947
3432
7449
9476
2091
5013
284
7689
4487
8645
5827
7783
5640
6750
1443
1505
8857
7437
1450
5983
8309
3214
3359
1920
9118
5069
4521
5494
8660
6226
6774
7722
7114
2386
5506
802
9362
3168
172
3850
5300
2380
5240
8364
754
9679
509
8903
4608
5436
9435
8964
5428
7143
6548
1768
9233
9064
9771
1261
4350
1646
4029
4891
2170
2445
1116
2982
2923
4087
9309
5529
7981
5562
5668
8825
9179
8476
4858
2222
9070
3548
5498
9255
8186
463
2201
7288
2060
7371
2121
5416
6701
7732
7231
2917
2750
1058
9402
9170
9377
3058
2655
2796
8192
6377
6001
454
6220
5381
8685
4316
5951
4283
4604
4946
7577
3607
3918
1267
9703
5515
900
5036
4882
4950
1961
5169
7104
5130
5507
1882
2984
9131
1227
8552
3837
252
7614
2393
6946
5253
5749
9917
6427
8136
6425
2315
664
8940
2209
9473
9606
656
5745
2495
2379
2960
672
2139
7034
7967
7185
5669
7598
5153
3772
4737
3114
7861
7559
4795
4279
6968
3737
8498
8522
779
6613
6750
4367
7356
4164
1675
3726
7617
2951
8931
3105
8785
8839
3724
3263
6180
5038
8816
6137
6874
9534
622
604
612
8060
4127
400
8907
7520
9491
2419
9030
8105
3693
109
4463
7384
9445
1189
6939
1820
4377
1131
8643
8335
5293
6233
961
6197
2955
4067
6628
5234
6475
769
3541
7941
6853
2746
4989
7335
9369
3688
3408
9732
1183
454
5462
1923
5701
7409
1309
557
9740
6373
2042
8384
7847
292
4033
8797
1936
3923
2955
1879
2974
7549
8284
8700
3087
5741
5930
9696
8911
9420
9116
678
5319
7062
2009
4479
3185
6985
5219
5261
1987
3744
3302
2418
315
2963
5370
2414
7605
527
1906
5508
1305
402
152
3739
8170
4007
6367
7388
3980
6837
6602
3171
514
5526
3785
6180
3575
6396
9923
4317
5519
2723
9977
9441
3939
5870
1936
707
6841
9758
846
1948
3096
6445
475
5152
7684
4532
6487
4629
5754
1840
2003
444
8647
7987
3738
7876
4132
3603
9211
5410
2593
118
7881
8171
70
9721
5206
9127
5243
1551
3401
230
3706
8820
8105
8049
434
430
3674
4094
6338
2529
4499
3652
9211
8316
2465
3051
6089
5238
6709
782
4571
7574
8473
8750
9373
2238
3600
2587
4280
4987
7827
5657
2227
3333
6642
5602
4831
5453
2685
1533
6857
4811
8493
595
5163
7922
6815
4475
2956
6926
3953
504
968
569
9169
7365
8296
7594
6490
5176
5803
9381
3467
1056
7821
4332
3602
4114
3630
6378
3717
530
8550
2446
8940
1874
250
8891
7868
6061
294
8829
1471
3674
3317
8872
5488
2031
1306
6250
1331
2044
9521
5782
7879
8052
5796
5662
3973
66
5601
2935
6348
202
1568
4068
4042
8689
9740
211
8347
313
1775
2281
7020
9071
3608
934
3690
1802
9102
8497
8205
7107
6591
7107
8361
106
7876
8069
3599
3968
3092
7317
1082
5478
5187
1727
1003
3784
7718
4005
2181
4959
9194
9685
3948
6673
1623
3200
7269
9795
4270
6289
7754
7113
5971
7835
7610
4762
1848
1208
1478
343
4945
3602
657
8365
3038
1654
3502
4168
3977
7651
928
9687
6523
2995
3415
2781
9804
4576
1131
4849
9374
8027
9209
5162
1353
8195
7563
382
8130
9747
1335
4249
6068
9583
68
9002
7947
5599
7921
9589
1878
2592
8043
5708
3401
9274
13
6456
1251
7358
4393
9638
8212
6269
9376
2987
6423
7299
3261
3545
2391
7233
1648
5698
846
1480
4876
9992
4754
9087
5608
6766
7048
6495
4912
2197
7270
4111
6553
2431
6669
1332
2362
1347
5649
5756
4218
1717
7122
2718
4725
9693
6334
2251
943
8856
8938
2139
2367
8782
4629
6338
1133
959
3080
2439
736
1753
5627
1769
7793
850
8578
9968
9738
4501
434
4434
8012
7098
9468
1465
639
4056
7018
2948
5732
4917
4382
1288
480
8466
7253
3223
7316
4021
2649
7043
5267
2443
4650
4353
1869
9088
422
5913
2417
3190
5375
417
5623
2642
9506
3712
8522
287
4474
8414
7187
2070
1693
5259
7839
6333
4736
5904
7053
1485
6814
4208
4824
3221
1724
995
5677
6112
3595
6025
1602
5696
5354
9504
9050
2245
7133
7830
4099
6229
5957
7257
7171
1864
7536
9617
8602
5338
9611
8486
2588
1845
3568
1626
8293
2244
1373
9702
1052
7753
7330
397
5643
6971
3921
7142
3656
4816
3709
3389
544
4097
5634
2154
9073
8905
8954
451
7331
8129
1497
8726
9605
4253
4595
3133
5843
3434
4501
8820
7242
5292
8521
9020
8788
439
8379
8391
4171
1113
6012
3834
150
4231
459
3818
6357
137
957
1187
3860
9516
9545
3776
3731
3592
5773
8978
83
2001
5782
5679
9370
8554
5853
3026
723
356
1477
154
7540
6397
5203
5025
9218
7458
7323
6793
2990
6669
2858
7218
9100
1482
4371
6135
8584
1654
6486
8796
2970
8259
5390
4105
2890
4843
2509
5971
2107
1847
9342
3847
7566
5313
2993
4116
7352
9253
2114
5965
7088
140
9424
5770
594
4769
5342
5847
6438
7014
4544
9208
7759
8315
6653
2959
9525
9017
8353
5618
8241
3985
4634
8077
87
816
8429
8329
2949
5312
3722
8551
6072
3378
8684
7757
7672
5617
1706
346
9403
1636
911
2902
4238
8991
6983
1772
597
2188
7463
5994
3840
1356
7688
8354
8664
633
2039
7479
4807
9966
6024
3587
460
9588
3933
3373
3795
7740
463
1795
8919
3254
3059
4762
9142
2332
5780
4288
3480
173
4527
2408
9687
9769
4663
7492
5569
5557
6087
8545
7644
9753
5323
1078
5749
5335
6384
6418
8214
9082
4407
4380
1824
4693
1217
7024
9633
5377
3782
3196
7349
3398
5937
6399
7494
8351
7138
7645
2747
153
2560
3221
4117
7479
5402
449
3390
3126
1093
9125
6732
3915
9125
8679
7444
6493
8755
8826
9963
5921
1752
2499
168
8288
7853
6873
1697
1815
5496
7685
9498
7198
1865
6303
9778
9053
9883
9925
3799
2499
8378
419
903
7484
6076
3995
2447
402
5618
4463
8158
6287
2594
4269
5075
7054
9617
4514
4108
5264
9460
6869
8143
8936
2628
985
4055
8944
1358
2325
3148
4840
2307
3934
4101
1800
3262
6973
7321
9567
7882
3904
3776
7365
5394
6456
510
2352
4475
7204
77
8543
2632
6126
6288
7121
401
2393
1946
471
8841
1908
325
2522
7844
6161
8068
8522
6878
2154
6183
4918
5949
7337
7361
4643
1068
1265
315
4655
5923
2235
7547
4884
6332
6696
9418
5158
3497
1169
1834
7557
9283
5464
8459
5360
8401
4921
2320
6101
4639
7213
797
6168
1522
1604
2899
6319
5969
9015
3444
5543
3450
4633
8550
9457
9603
7394
1728
8162
2195
5969
8694
8132
4569
7094
7543
8464
8112
8072
9002
1029
8352
341
8603
3880
4038
9227
5925
1992
7555
2342
4778
9182
7035
8247
1634
6630
7482
5530
5820
2843
3209
5129
5280
5875
8732
6034
8568
1955
1324
8390
3727
9864
6167
2213
9183
1207
2903
4661
3681
8849
2297
2580
75
846
7253
5665
5024
9287
2591
9067
1568
8881
8578
3261
1983
9193
5543
6817
4048
137
3515
693
4582
9423
7220
2864
1182
731
696
7403
4248
2803
4119
4257
2251
995
358
6189
8299
1378
5304
8747
3556
6421
5410
7358
3234
8393
1581
8661
7557
9805
4564
3835
3547
1308
8101
8877
2190
9702
8993
2038
4361
8517
7801
8995
4555
5753
2011
8838
8009
2617
4630
7749
457
2725
9265
4089
17
9617
7819
1862
916
4338
6189
9546
8351
6063
9863
4195
2354
9362
7001
7882
7099
4290
963
9334
6610
157
6074
1543
2970
6078
8513
7134
1549
1978
5088
5352
1501
1726
8787
9967
2729
1236
3022
4120
1000
4468
7150
9229
4790
7802
4021
7982
7849
2527
7281
34
2428
518
3267
1409
8406
875
8902
553
9229
5016
9052
7102
2560
7383
8218
1960
5457
9616
6129
7585
8251
8865
9365
3967
950
4248
9544
4885
1865
589
8907
649
8264
4864
1058
2682
7587
7106
2097
2703
6824
1433
6414
1254
1327
9519
1955
7936
9047
1957
811
1961
6805
7205
9384
9723
1015
8537
3282
6116
7655
319
3331
2563
3073
7598
8119
2538
2195
5702
8150
2665
7525
7080
7992
8440
8133
8546
4893
7979
3685
5305
1461
5174
8211
3219
2262
1780
1474
5923
4647
4785
4667
5232
3042
8623
2384
4979
657
55
1355
6942
7362
2590
9085
3760
8227
3346
1281
7789
8549
2714
8926
9158
6618
5174
8499
6266
2703
5055
9151
7404
7290
6246
8577
4529
9633
1083
5111
1186
256
4922
366
6793
1836
7859
3766
4053
9428
4537
1401
1328
4390
9883
6959
927
2857
6852
2609
6101
5681
1735
5142
7212
1734
9806
503
3215
7846
7096
2534
5922
7019
6476
4543
8004
9649
2047
4446
3876
5947
4947
8183
7574
7860
1278
8582
239
411
5691
2287
1745
1206
5302
5899
9746
1290
6823
9830
2300
1830
5045
6800
9981
7555
4517
5428
4102
631
8179
4458
6338
6258
3346
3559
9844
7670
7450
4095
593
7489
9687
4033
2091
6063
1315
124
490
9033
1763
203
7245
7547
2754
2293
698
5396
200
8492
6646
926
7819
9591
4349
9832
4057
7232
6616
399
1832
1399
1944
6067
6766
9647
9657
8360
34
6295
1618
7892
9445
4013
7353
2899
5874
8733
859
6963
5238
7728
3878
1045
5119
7970
5771
1512
1682
4446
4902
112
4876
3128
9706
8102
1414
328
5772
6342
1652
3989
7626
1166
2530
4277
2742
3769
9237
3973
2771
2147
2696
565
1668
3964
341
3921
451
9607
411
3873
2630
6627
4415
2624
1118
3989
3888
1921
2933
4710
4357
7176
1279
1592
67
1578
7984
3021
7535
4401
4560
3619
8976
9466
9138
9222
2385
7153
4635
6111
1214
1422
702
6078
6391
9586
4290
3671
9047
2095
7428
7670
4752
3000
5574
4510
4563
751
8188
5987
9937
7070
2939
4033
9590
8531
3724
9206
7170
4858
7332
8147
6945
9825
39
78
3099
4376
335
501
2475
7035
2574
4630
2887
9960
4317