4488
4036
8757
9108
2835
1182
9016
3929
4959
9416
9955
8170
5753
4905
3690
8931
6612
9317
3518
77
2071
7561
7884
8972
4116
349
5319
1500
2136
7682
6969
8530
4613
5119
496
3967
9207
7732
6265
9817
4152
8000
7459
5840
3751
7761
5568
8546
8607
2541
1234
6202
8166
8325
9808
8211
6338
7063
4365
2264
6239
5366
2126
5633
4664
5620
1609
155
3634
9446
6636
8135
2266
6181
9211
5271
5922
2052
4533
5725
7140
6678
6400
532
9488
9205
7035
5589
8589
5012
5315
6787
5476
7160
9623
6628
6058
8768
5452
2331
5041
9000
2814
7664
5879
8889
8772
3431
225
154
2589
1439
9475
8430
8156
2622
4057
2320
2740
289
1101
3527
7742
2920
6502
9407
1954
1811
7497
7051
7229
9000
7442
6811
7476
4016
167
5899
9217
2863
5442
777
2334
2609
6085
1870
3294
8083
1148
9528
8821
8794
4814
1344
3094
6843
8797
2189
171
4390
2118
292
9086
8239
6837
8551
6197
3748
1495
9425
3037
9816
7745
6990
4068
9394
9833
6720
7488
4269
2538
3310
8768
1439
8482
945
9550
6195
8252
2630
1008
3134
4943
5083
8977
1484
4561
8760
690
9968
635
7438
5512
2857
9124
5996
3581
3505
7117
4471
191
7318
7563
2976
6070
2266
2887
3522
9642
7004
6895
3969
9933
6976
3439
503
7578
4391
8836
2480
8362
9204
4830
6173
7014
6511
5416
393
5810
205
7969
3598
5290
1955
4052
6735
959
9104
942
1211
8832
2538
7898
7961
57
5732
9488
9653
2217
9830
5316
6612
2754
5501
3102
123
7470
1390
4974
4071
3873
1409
7188
1258
5507
8828
7392
6514
1917
2077
7180
3891
7068
8925
6703
6134
3967
8028
6247
6650
2723
8745
4113
3795
4556
8830
9742
9994
8100
6742
5338
1307
373
8577
6639
4683
5567
8408
5790
9224
2897
3911
1272
8183
6729
9943
674
2242
9224
8288
414
8983
7984
5741
2901
3503
428
2980
2730
8310
3600
179
4673
2647
6978
4029
7190
2465
4725
6528
418
1738
526
926
1397
5358
9065
5519
1939
7020
1680
8185
7273
5770
9547
9293
471
1787
7111
8079
3182
1398
1597
3444
8897
5785
3608
2497
1062
5766
2557
9790
6240
6599
9387
5054
745
8979
1965
6379
3823
6197
9796
5082
8198
7002
7606
8797
5148
3436
6539
1832
3228
1872
9399
1143
2689
5064
474
1862
244
5819
4805
4705
9520
9106
7353
7904
1281
4464
6855
3335
2227
8307
4577
3227
2329
6964
7761
2640
7980
3655
4510
5455
3227
2968
9782
6107
2878
9613
2422
8285
6215
7699
2812
1369
8703
1203
3020
9933
9757
3013
7109
6639
4721
1447
5341
1782
4934
9187
5693
8439
376
272
2609
8795
9750
8189
3813
7948
8087
2305
4346
1356
4069
3645
4892
9411
4399
5915
3025
7438
2100
2807
8487
8621
944
1217
6986
824
3860
1876
6672
4121
2569
1719
3133
3574
2155
5149
1246
1358
5087
7248
2661
8624
1607
575
7985
3292
8914
4286
7324
3060
2755
366
1674
1088
484
7994
9612
8192
9776
6785
8746
675
2628
6766
4321
8170
7994
8079
6214
5269
7869
4478
9873
1886
4590
9694
8400
7548
5662
9678
8356
6413
8583
6632
5353
9842
9194
6888
1937
5128
9616
4315
534
2970
8239
9904
2265
1123
2256
4017
6785
5820
4361
2709
141
2588
4885
3630
434
4439
7441
5790
1920
8659
4155
8275
1087
1943
7542
8982
9476
793
442
3453
6531
6372
6230
1960
3227
8396
3742
1215
1893
6293
7139
8954
1537
3566
6151
176
9491
4269
4001
3713
262
292
1590
3831
859
6888
1009
7406
5402
1955
3408
2538
8271
4319
290
1116
5472
8786
6286
7100
4378
4032
188
5419
5258
5329
1360
3307
2703
7789
2860
2840
6283
1064
1938
7648
277
4731
2338
7868
2199
3156
8345
2179
8208
9633
3722
7304
3679
3859
6498
2715
7986
7084
3762
1926
8529
4614
4002
9631
8772
4978
7248
6844
6405
5431
6147
5455
2819
5445
4581
8495
1133
3385
3214
8092
368
8013
7663
5641
328
7960
1709
9505
1455
1716
5536
8823
4711
6360
9083
1082
7528
408
8519
2478
6650
5321
3990
1915
3262
372
1156
467
9358
555
6520
5214
6330
2471
3327
9375
3433
7126
865
1431
8989
4078
1061
1322
1543
545
1061
5653
6217
3947
1178
4136
5588
3824
9852
2687
4714
1738
4510
8566
5048
4959
7
395
8421
6807
6220
5127
3597
4419
9376
5201
6656
9813
8321
9084
8504
2592
8095
4638
4261
1518
305
8735
3279
1440
122
5979
5764
9888
6473
6191
9048
8572
2269
4921
1773
3141
5690
2872
3144
2519
6525
3996
8218
1990
7419
1971
3022
4497
2811
8777
6011
4382
3166
7717
4184
5509
5673
8497
7518
2005
2239
6716
3637
6099
8056
2541
777
3401
8724
3252
7567
3101
8349
4010
5687
9788
4624
6392
3089
1981
4525
6558
9848
7168
2196
8993
1612
5606
735
7760
4896
6648
1404
9493
4120
545
2010
6396
6460
6919
7996
8431
4504
5392
6183
695
7652
105
1807
2694
1661
9340
7485
3559
6515
4946
9630
7470
150
1769
1739
2945
7837
8557
4738
4267
127
3280
7510
8812
8031
1805
972
3372
6983
3963
403
4328
1204
9406
611
6505
1340
7676
2733
8094
9226
6251
3056
550
7817
2576
751
6860
8970
4665
5283
8414
288
3877
5756
9003
683
9697
9224
4655
3246
7842
560
3763
1853
2547
1491
2603
6254
1509
698
5662
2991
832
8948
5100
2825
3611
6699
9054
6933
8087
9342
5164
5631
6014
3073
5747
9214
9167
6365
6302
3986
4441
3873
114
7614
1118
4620
3416
130
1477
9359
4038
8416
489
2848
53
2651
8003
8262
1870
296
6303
2123
9921
1433
1415
4930
532
6602
3309
5400
2330
9156
7911
9397
7649
5404
4997
8568
2217
6461
9011
2094
983
2962
1126
7213
4445
6578
6821
3409
9700
1909
905
1860
7020
8188
7377
1569
9922
969
4259
3767
5044
3391
9097
6269
2547
491
4134
1310
1848
1604
5732
9125
7066
2333
1396
2147
224
5424
7582
8070
796
9625
6594
584
6377
4437
8877
3168
8340
5307
3433
414
7666
60
7869
7231
7412
1025
2248
4499
565
3881
7377
2810
1294
9711
6399
5163
8377
7236
7251
616
4811
2395
203
368
4553
6640
2906
5534
7287
7546
9517
8976
4419
4925
7611
5438
2440
1735
7468
6630
9686
1990
1222
4912
3571
518
7523
85
1585
2378
5921
7656
605
3840
4344
3692
5545
845
8273
3673
9568
8868
7091
199
2729
6821
8818
3281
96
2365
4589
5108
2328
8520
3891
5507
6153
518
1474
628
1263
1094
1948
295
747
6788
283
9052
3677
4282
7091
7617
6142
1983
3667
1556
4695
7479
7657
7362
5366
567
9712
5022
612
9399
3864
9339
1219
3421
8482
898
6619
6399
4891
4262
3612
302
27
9594
6980
2054
1371
5497
6148
3839
4711
9222
2514
5287
921
2144
1877
4047
9540
8127
8032
6419
1510
8905
2707
4032
3825
8944
8117
7414
2826
2496
2549
7624
8547
5104
6656
5891
4716
8389
2521
7164
994
2683
4499
1864
9459
3809
6833
2124
8797
8917
1304
2517
6459
9833
1234
6703
4351
64
8912
9414
2118
5021
4024
6360
7018
4337
5162
678
9061
1678
7445
4791
7242
5196
6198
3354
2269
6983
3708
2701
596
1973
847
2508
5464
4836
92
3873
3165
2995
9867
3119
9826
4139
5134
893
5041
19
7553
8378
7796
1823
3148
9012
113
8350
164
8075
8754
6844
7617
3248
2780
6835
5215
3714
4396
9944
1785
1994
388
7964
9706
1058
3234
491
4175
137
9874
7217
7065
1002
8910
9658
98
8510
934
9861
9281
2099
2365
4172
2427
1361
5703
8405
1934
7775
8936
7170
2100
4854
3927
2069
8421
2564
242
4494
5283
3452
3097
2491
9459
4262
6595
3519
5917
273
745
9523
6600
5380
1865
391
9432
8924
6889
1814
2691
5591
4874
9730
9923
2466
1301
5498
6337
6731
3114
3587
1395
2958
5992
3298
101
5799
1637
4698
9685
7844
4270
1102
8710
7945
9689
5375
8373
2561
2199
1628
6432
6249
1109
9522
8609
5773
6568
5486
8763
9421
516
6578
1598
9009
4212
7540
5038
9670
4093
4953
5630
5732
8653
4653
8231
6420
6752
6587
5655
4037
2115
570
4415
1485
3977
565
7802
4448
675
84
9385
6451
8917
6778
378
5473
5630
3718
9570
2469
659
6014
9292
9444
2450
8076
2423
1258
5448
7257
3964
8133
7694
2408
7895
675
3449
4034
8428
3203
6491
7589
8458
8910
4756
4759
2311
5242
4516
2309
5215
7953
1107
6761
1892
3056
9291
1973
5481
9857
2414
9490
7574
1942
6564
9243
6429
1294
2529
3262
5717
1563
1205
3398
1995
6695
2729
7401
1317
8159
2996
6260
5240
8418
8972
9290
3606
7726
7621
1793
8054
4835
7480
5497
4122
6730
9193
822
8238
7817
5646
3619
8809
3932
1266
2965
4218
8307
9272
8448
7088
4109
8015
2740
5598
8417
5773
958
9052
7516
4739
6701
4849
2346
6702
9691
5188
3484
2908
1638
7112
4308
472
9938
5822
6422
8275
9071
432
8943
467
1990
4545
707
159
6971
6829
5006
6418
1529
2671
4684
6738
4576
4709
587
4050
7003
2681
119
1730
9451
6514
353
3390
1819
1758
3405
3416
1111
710
4026
5810
607
8356
6189
5311
2779
6368
2852
1529
4782
8512
3820
3016
9051
9317
5218
1480
9241
8566
5168
4606
406
6376
5146
9474
2412
6867
1095
8432
9333
4620
2497
6322
5966
3534
7183
1289
474
7310
6092
5429
460
3888
7288
9805
9512
8169
9320
9477
2624
7683
5082
686
6696
6089
6089
1077
1891
3832
4797
9524
1827
8766
1785
5460
5946
4296
6071
9927
164
5995
5479
5859
1992
110
346
2441
8458
5224
8770
8420
5616
629
7434
3841
7615
219
8816
3210
3441
8660
740
1723
3931
8451
8120
1306
29
3049
2363
6510
3609
240
8475
2990
4080
4683
5196
2354
4054
8360
2048
8481
2544
1285
9466
3789
8210
6685
105
8961
8533
3621
9754
4786
540
9844
7999
6
2820
7798
390
2019
2746
12
895
7750
7029
534
8926
1942
2527
8652
5390
3069
8066
4642
8787
7294
6885
8069
7330
3317
3200
853
7046
3395
2634
1804
7907
1164
4662
633
3265
684
2904
4527
9443
6716
5484
274
4584
3642
1964
5459
6147
3917
6403
8485
6912
2273
5712
4877
3074
4278
896
2734
6653
4695
9892
5770
2026
5158
1102
4375
335
8378
9225
1259
2700
2964
942
8338
7129
2755
7171
7938
113
3523
9377
6524
3349
6579
660
6036
4071
7270
9281
4613
3509
4937
9738
6199
788
2091
38
5962
2049
7347
1078
9791
2313
7645
8048
693
5726
7009
6760
7057
150
4058
3583
9511
6826
6210
9099
323
7907
686
640
6661
1408
149
1068
6290
9731
7012
1311
7809
6339
783
6030
4844
5821
5751
6014
8476
9525
4383
2847
2655
4576
9862
6173
6861
1961
9962
5389
2381
2826
2494
7181
9048
3165
675
8565
4281
1391
1085
7744
1535
620
1304
1826
80
5967
7172
61
456
4822
3966
5694
1619
7061
1222
596
5089
2501
2408
5143
7987
38
7594
966
6291
3463
4548
6893
9239
1128
1582
169
7781
5957
799
9658
1063
9984
2676
8981
151
9435
3258
4281
3937
6806
4542
1097